in s,C4 in V
-2.0000E-06,-7.504E-04
-1.9996E-06,-5.551E-04
-1.9992E-06,-8.480E-04
-1.9988E-06,-1.141E-03
-1.9984E-06,-7.504E-04
-1.9980E-06,-1.141E-03
-1.9976E-06,-5.551E-04
-1.9972E-06,-8.480E-04
-1.9968E-06,-5.551E-04
-1.9964E-06,-5.551E-04
-1.9960E-06,-5.551E-04
-1.9956E-06,-6.527E-04
-1.9952E-06,-9.457E-04
-1.9948E-06,-5.551E-04
-1.9944E-06,-4.574E-04
-1.9940E-06,-1.043E-03
-1.9936E-06,-7.504E-04
-1.9932E-06,-5.551E-04
-1.9928E-06,-4.574E-04
-1.9924E-06,-6.527E-04
-1.9920E-06,-6.527E-04
-1.9916E-06,-5.551E-04
-1.9912E-06,-2.621E-04
-1.9908E-06,-9.457E-04
-1.9904E-06,-8.480E-04
-1.9900E-06,-1.645E-04
-1.9896E-06,-5.551E-04
-1.9892E-06,-1.141E-03
-1.9888E-06,-1.043E-03
-1.9884E-06,-4.574E-04
-1.9880E-06,-6.527E-04
-1.9876E-06,-7.504E-04
-1.9872E-06,-8.480E-04
-1.9868E-06,-6.527E-04
-1.9864E-06,-1.645E-04
-1.9860E-06,-8.480E-04
-1.9856E-06,-7.504E-04
-1.9852E-06,-5.551E-04
-1.9848E-06,-2.621E-04
-1.9844E-06,-4.574E-04
-1.9840E-06,-8.480E-04
-1.9836E-06,-5.551E-04
-1.9832E-06,-7.504E-04
-1.9828E-06,-6.527E-04
-1.9824E-06,-7.504E-04
-1.9820E-06,-5.551E-04
-1.9816E-06,-5.551E-04
-1.9812E-06,-9.457E-04
-1.9808E-06,-7.504E-04
-1.9804E-06,-3.598E-04
-1.9800E-06,-1.645E-04
-1.9796E-06,-7.504E-04
-1.9792E-06,-4.574E-04
-1.9788E-06,-1.141E-03
-1.9784E-06,-9.457E-04
-1.9780E-06,-8.480E-04
-1.9776E-06,-5.551E-04
-1.9772E-06,-7.504E-04
-1.9768E-06,-8.480E-04
-1.9764E-06,-8.480E-04
-1.9760E-06,-8.480E-04
-1.9756E-06,-1.043E-03
-1.9752E-06,-4.574E-04
-1.9748E-06,-1.645E-04
-1.9744E-06,-1.645E-04
-1.9740E-06,-8.480E-04
-1.9736E-06,-1.141E-03
-1.9732E-06,-6.527E-04
-1.9728E-06,-9.457E-04
-1.9724E-06,-6.527E-04
-1.9720E-06,-6.527E-04
-1.9716E-06,-1.043E-03
-1.9712E-06,-8.480E-04
-1.9708E-06,-8.480E-04
-1.9704E-06,-8.480E-04
-1.9700E-06,-6.527E-04
-1.9696E-06,-4.574E-04
-1.9692E-06,-2.621E-04
-1.9688E-06,-4.574E-04
-1.9684E-06,-2.621E-04
-1.9680E-06,-1.645E-04
-1.9676E-06,-5.551E-04
-1.9672E-06,-9.457E-04
-1.9668E-06,-9.457E-04
-1.9664E-06,-6.527E-04
-1.9660E-06,-9.457E-04
-1.9656E-06,-5.551E-04
-1.9652E-06,-7.504E-04
-1.9648E-06,-7.504E-04
-1.9644E-06,-5.551E-04
-1.9640E-06,-8.480E-04
-1.9636E-06,-9.457E-04
-1.9632E-06,-9.457E-04
-1.9628E-06,-3.598E-04
-1.9624E-06,-6.527E-04
-1.9620E-06,-8.480E-04
-1.9616E-06,-5.551E-04
-1.9612E-06,-6.527E-04
-1.9608E-06,-8.480E-04
-1.9604E-06,-9.457E-04
-1.9600E-06,-2.621E-04
-1.9596E-06,-1.043E-03
-1.9592E-06,-4.574E-04
-1.9588E-06,-6.527E-04
-1.9584E-06,-4.574E-04
-1.9580E-06,-2.621E-04
-1.9576E-06,-8.480E-04
-1.9572E-06,-1.043E-03
-1.9568E-06,-9.457E-04
-1.9564E-06,-4.574E-04
-1.9560E-06,-3.598E-04
-1.9556E-06,-2.621E-04
-1.9552E-06,-6.527E-04
-1.9548E-06,-7.504E-04
-1.9544E-06,-6.527E-04
-1.9540E-06,-5.551E-04
-1.9536E-06,-1.645E-04
-1.9532E-06,-5.551E-04
-1.9528E-06,-3.598E-04
-1.9524E-06,-6.527E-04
-1.9520E-06,-8.480E-04
-1.9516E-06,-7.504E-04
-1.9512E-06,-8.480E-04
-1.9508E-06,-9.457E-04
-1.9504E-06,-1.043E-03
-1.9500E-06,-3.598E-04
-1.9496E-06,-4.574E-04
-1.9492E-06,-7.504E-04
-1.9488E-06,-7.504E-04
-1.9484E-06,-5.551E-04
-1.9480E-06,-9.457E-04
-1.9476E-06,-9.457E-04
-1.9472E-06,-4.574E-04
-1.9468E-06,-4.574E-04
-1.9464E-06,-6.527E-04
-1.9460E-06,-1.141E-03
-1.9456E-06,-8.480E-04
-1.9452E-06,-5.551E-04
-1.9448E-06,-5.551E-04
-1.9444E-06,-3.598E-04
-1.9440E-06,-9.457E-04
-1.9436E-06,-2.621E-04
-1.9432E-06,-5.551E-04
-1.9428E-06,-8.480E-04
-1.9424E-06,-4.574E-04
-1.9420E-06,-4.574E-04
-1.9416E-06,-3.598E-04
-1.9412E-06,-7.504E-04
-1.9408E-06,-5.551E-04
-1.9404E-06,-5.551E-04
-1.9400E-06,-7.504E-04
-1.9396E-06,-6.527E-04
-1.9392E-06,-6.527E-04
-1.9388E-06,-6.527E-04
-1.9384E-06,-8.480E-04
-1.9380E-06,-6.527E-04
-1.9376E-06,-1.043E-03
-1.9372E-06,-4.574E-04
-1.9368E-06,-7.504E-04
-1.9364E-06,-6.527E-04
-1.9360E-06,-8.480E-04
-1.9356E-06,-5.551E-04
-1.9352E-06,-3.598E-04
-1.9348E-06,-5.551E-04
-1.9344E-06,-5.551E-04
-1.9340E-06,-5.551E-04
-1.9336E-06,-5.551E-04
-1.9332E-06,-5.551E-04
-1.9328E-06,-5.551E-04
-1.9324E-06,-5.551E-04
-1.9320E-06,-8.480E-04
-1.9316E-06,-1.043E-03
-1.9312E-06,-5.551E-04
-1.9308E-06,-7.504E-04
-1.9304E-06,-5.551E-04
-1.9300E-06,-7.504E-04
-1.9296E-06,-9.457E-04
-1.9292E-06,-1.043E-03
-1.9288E-06,-1.141E-03
-1.9284E-06,-7.504E-04
-1.9280E-06,-3.598E-04
-1.9276E-06,-3.598E-04
-1.9272E-06,-6.527E-04
-1.9268E-06,-3.598E-04
-1.9264E-06,-5.551E-04
-1.9260E-06,-6.527E-04
-1.9256E-06,-7.504E-04
-1.9252E-06,-1.043E-03
-1.9248E-06,-5.551E-04
-1.9244E-06,-5.551E-04
-1.9240E-06,-6.527E-04
-1.9236E-06,-9.457E-04
-1.9232E-06,-6.527E-04
-1.9228E-06,-6.527E-04
-1.9224E-06,-8.480E-04
-1.9220E-06,-1.239E-03
-1.9216E-06,-5.551E-04
-1.9212E-06,-2.621E-04
-1.9208E-06,-5.551E-04
-1.9204E-06,-1.043E-03
-1.9200E-06,-5.551E-04
-1.9196E-06,-1.645E-04
-1.9192E-06,-6.527E-04
-1.9188E-06,-5.551E-04
-1.9184E-06,-5.551E-04
-1.9180E-06,-7.504E-04
-1.9176E-06,-5.551E-04
-1.9172E-06,-8.480E-04
-1.9168E-06,-4.574E-04
-1.9164E-06,-3.598E-04
-1.9160E-06,-3.598E-04
-1.9156E-06,-6.527E-04
-1.9152E-06,-4.574E-04
-1.9148E-06,-6.527E-04
-1.9144E-06,-7.504E-04
-1.9140E-06,-1.239E-03
-1.9136E-06,-8.480E-04
-1.9132E-06,-5.551E-04
-1.9128E-06,-1.043E-03
-1.9124E-06,-9.457E-04
-1.9120E-06,-5.551E-04
-1.9116E-06,-4.574E-04
-1.9112E-06,-2.621E-04
-1.9108E-06,-5.551E-04
-1.9104E-06,-8.480E-04
-1.9100E-06,-4.574E-04
-1.9096E-06,-6.527E-04
-1.9092E-06,-8.480E-04
-1.9088E-06,-4.574E-04
-1.9084E-06,-8.480E-04
-1.9080E-06,-5.551E-04
-1.9076E-06,-6.527E-04
-1.9072E-06,-5.551E-04
-1.9068E-06,-6.527E-04
-1.9064E-06,-7.504E-04
-1.9060E-06,-8.480E-04
-1.9056E-06,-7.504E-04
-1.9052E-06,-5.551E-04
-1.9048E-06,-5.551E-04
-1.9044E-06,-1.645E-04
-1.9040E-06,-9.457E-04
-1.9036E-06,-8.480E-04
-1.9032E-06,-9.457E-04
-1.9028E-06,-9.457E-04
-1.9024E-06,-7.504E-04
-1.9020E-06,-7.504E-04
-1.9016E-06,-5.551E-04
-1.9012E-06,-2.621E-04
-1.9008E-06,-4.574E-04
-1.9004E-06,-5.551E-04
-1.9000E-06,-8.480E-04
-1.8996E-06,-5.551E-04
-1.8992E-06,-5.551E-04
-1.8988E-06,-8.480E-04
-1.8984E-06,-2.621E-04
-1.8980E-06,-3.598E-04
-1.8976E-06,-6.527E-04
-1.8972E-06,-6.527E-04
-1.8968E-06,-8.480E-04
-1.8964E-06,-1.141E-03
-1.8960E-06,-7.504E-04
-1.8956E-06,-8.480E-04
-1.8952E-06,-5.551E-04
-1.8948E-06,-3.598E-04
-1.8944E-06,-4.574E-04
-1.8940E-06,-3.598E-04
-1.8936E-06,3.086E-05
-1.8932E-06,-9.457E-04
-1.8928E-06,-7.504E-04
-1.8924E-06,-2.621E-04
-1.8920E-06,-1.645E-04
-1.8916E-06,-5.551E-04
-1.8912E-06,-5.551E-04
-1.8908E-06,-6.527E-04
-1.8904E-06,-2.621E-04
-1.8900E-06,-7.504E-04
-1.8896E-06,-2.621E-04
-1.8892E-06,-6.527E-04
-1.8888E-06,-5.551E-04
-1.8884E-06,-4.574E-04
-1.8880E-06,-9.457E-04
-1.8876E-06,-2.621E-04
-1.8872E-06,-2.621E-04
-1.8868E-06,-5.551E-04
-1.8864E-06,-6.527E-04
-1.8860E-06,-6.527E-04
-1.8856E-06,-6.527E-04
-1.8852E-06,-9.457E-04
-1.8848E-06,-8.480E-04
-1.8844E-06,-2.621E-04
-1.8840E-06,-9.457E-04
-1.8836E-06,-4.574E-04
-1.8832E-06,-9.457E-04
-1.8828E-06,-5.551E-04
-1.8824E-06,-7.504E-04
-1.8820E-06,-6.527E-04
-1.8816E-06,-7.504E-04
-1.8812E-06,-1.645E-04
-1.8808E-06,-1.645E-04
-1.8804E-06,-9.457E-04
-1.8800E-06,-9.457E-04
-1.8796E-06,-2.621E-04
-1.8792E-06,-3.598E-04
-1.8788E-06,-7.504E-04
-1.8784E-06,-7.504E-04
-1.8780E-06,-7.504E-04
-1.8776E-06,-3.598E-04
-1.8772E-06,-5.551E-04
-1.8768E-06,-5.551E-04
-1.8764E-06,-4.574E-04
-1.8760E-06,-2.621E-04
-1.8756E-06,-8.480E-04
-1.8752E-06,-7.504E-04
-1.8748E-06,-7.504E-04
-1.8744E-06,-7.504E-04
-1.8740E-06,-3.598E-04
-1.8736E-06,-4.574E-04
-1.8732E-06,-1.645E-04
-1.8728E-06,-1.645E-04
-1.8724E-06,-2.621E-04
-1.8720E-06,-2.621E-04
-1.8716E-06,-5.551E-04
-1.8712E-06,-9.457E-04
-1.8708E-06,-7.504E-04
-1.8704E-06,-5.551E-04
-1.8700E-06,-7.504E-04
-1.8696E-06,-5.551E-04
-1.8692E-06,-6.527E-04
-1.8688E-06,-5.551E-04
-1.8684E-06,-2.621E-04
-1.8680E-06,-1.239E-03
-1.8676E-06,-1.336E-03
-1.8672E-06,-6.527E-04
-1.8668E-06,-5.551E-04
-1.8664E-06,-3.598E-04
-1.8660E-06,-6.527E-04
-1.8656E-06,-6.527E-04
-1.8652E-06,-7.504E-04
-1.8648E-06,-8.480E-04
-1.8644E-06,-8.480E-04
-1.8640E-06,-6.527E-04
-1.8636E-06,-5.551E-04
-1.8632E-06,-7.504E-04
-1.8628E-06,-6.527E-04
-1.8624E-06,-5.551E-04
-1.8620E-06,-2.621E-04
-1.8616E-06,-5.551E-04
-1.8612E-06,-8.480E-04
-1.8608E-06,-5.551E-04
-1.8604E-06,-4.574E-04
-1.8600E-06,-3.598E-04
-1.8596E-06,-6.527E-04
-1.8592E-06,-6.527E-04
-1.8588E-06,-5.551E-04
-1.8584E-06,-8.480E-04
-1.8580E-06,-5.551E-04
-1.8576E-06,-5.551E-04
-1.8572E-06,-5.551E-04
-1.8568E-06,-5.551E-04
-1.8564E-06,-1.141E-03
-1.8560E-06,-9.457E-04
-1.8556E-06,-5.551E-04
-1.8552E-06,-5.551E-04
-1.8548E-06,-5.551E-04
-1.8544E-06,-6.527E-04
-1.8540E-06,-6.527E-04
-1.8536E-06,-1.645E-04
-1.8532E-06,-3.598E-04
-1.8528E-06,-9.457E-04
-1.8524E-06,-6.527E-04
-1.8520E-06,-4.574E-04
-1.8516E-06,-4.574E-04
-1.8512E-06,-7.504E-04
-1.8508E-06,-1.645E-04
-1.8504E-06,-7.504E-04
-1.8500E-06,-9.457E-04
-1.8496E-06,-7.504E-04
-1.8492E-06,-7.504E-04
-1.8488E-06,-8.480E-04
-1.8484E-06,-5.551E-04
-1.8480E-06,-2.621E-04
-1.8476E-06,-5.551E-04
-1.8472E-06,-5.551E-04
-1.8468E-06,-5.551E-04
-1.8464E-06,-8.480E-04
-1.8460E-06,-5.551E-04
-1.8456E-06,-1.043E-03
-1.8452E-06,-6.527E-04
-1.8448E-06,-3.598E-04
-1.8444E-06,-5.551E-04
-1.8440E-06,-2.621E-04
-1.8436E-06,-7.504E-04
-1.8432E-06,-3.598E-04
-1.8428E-06,-7.504E-04
-1.8424E-06,-8.480E-04
-1.8420E-06,-5.551E-04
-1.8416E-06,-9.457E-04
-1.8412E-06,-1.141E-03
-1.8408E-06,-6.527E-04
-1.8404E-06,-8.480E-04
-1.8400E-06,-4.574E-04
-1.8396E-06,-2.621E-04
-1.8392E-06,-4.574E-04
-1.8388E-06,-9.457E-04
-1.8384E-06,-3.598E-04
-1.8380E-06,-4.574E-04
-1.8376E-06,-8.480E-04
-1.8372E-06,-5.551E-04
-1.8368E-06,-4.574E-04
-1.8364E-06,-3.598E-04
-1.8360E-06,-5.551E-04
-1.8356E-06,-7.504E-04
-1.8352E-06,-8.480E-04
-1.8348E-06,-6.680E-05
-1.8344E-06,-3.598E-04
-1.8340E-06,-9.457E-04
-1.8336E-06,-7.504E-04
-1.8332E-06,-3.598E-04
-1.8328E-06,-5.551E-04
-1.8324E-06,-1.043E-03
-1.8320E-06,-8.480E-04
-1.8316E-06,-8.480E-04
-1.8312E-06,-8.480E-04
-1.8308E-06,-5.551E-04
-1.8304E-06,-7.504E-04
-1.8300E-06,-5.551E-04
-1.8296E-06,-6.527E-04
-1.8292E-06,-7.504E-04
-1.8288E-06,-9.457E-04
-1.8284E-06,-4.574E-04
-1.8280E-06,-1.645E-04
-1.8276E-06,-6.527E-04
-1.8272E-06,-6.527E-04
-1.8268E-06,-3.598E-04
-1.8264E-06,-1.336E-03
-1.8260E-06,-1.141E-03
-1.8256E-06,-4.574E-04
-1.8252E-06,-3.598E-04
-1.8248E-06,-2.621E-04
-1.8244E-06,-5.551E-04
-1.8240E-06,-5.551E-04
-1.8236E-06,-7.504E-04
-1.8232E-06,-6.527E-04
-1.8228E-06,-9.457E-04
-1.8224E-06,-1.239E-03
-1.8220E-06,-4.574E-04
-1.8216E-06,-5.551E-04
-1.8212E-06,-5.551E-04
-1.8208E-06,-7.504E-04
-1.8204E-06,-4.574E-04
-1.8200E-06,-8.480E-04
-1.8196E-06,-6.527E-04
-1.8192E-06,-4.574E-04
-1.8188E-06,-5.551E-04
-1.8184E-06,-6.527E-04
-1.8180E-06,-9.457E-04
-1.8176E-06,-4.574E-04
-1.8172E-06,-5.551E-04
-1.8168E-06,-7.504E-04
-1.8164E-06,-1.043E-03
-1.8160E-06,-7.504E-04
-1.8156E-06,-5.551E-04
-1.8152E-06,-6.527E-04
-1.8148E-06,-6.527E-04
-1.8144E-06,-5.551E-04
-1.8140E-06,-5.551E-04
-1.8136E-06,-1.043E-03
-1.8132E-06,-8.480E-04
-1.8128E-06,-7.504E-04
-1.8124E-06,-5.551E-04
-1.8120E-06,-7.504E-04
-1.8116E-06,-7.504E-04
-1.8112E-06,-6.527E-04
-1.8108E-06,-3.598E-04
-1.8104E-06,-6.527E-04
-1.8100E-06,-8.480E-04
-1.8096E-06,-8.480E-04
-1.8092E-06,-7.504E-04
-1.8088E-06,-4.574E-04
-1.8084E-06,-5.551E-04
-1.8080E-06,-5.551E-04
-1.8076E-06,-3.598E-04
-1.8072E-06,-2.621E-04
-1.8068E-06,-5.551E-04
-1.8064E-06,-8.480E-04
-1.8060E-06,-8.480E-04
-1.8056E-06,-4.574E-04
-1.8052E-06,-9.457E-04
-1.8048E-06,-6.527E-04
-1.8044E-06,-7.504E-04
-1.8040E-06,-6.527E-04
-1.8036E-06,-3.598E-04
-1.8032E-06,-5.551E-04
-1.8028E-06,-6.527E-04
-1.8024E-06,-5.551E-04
-1.8020E-06,-1.141E-03
-1.8016E-06,-7.504E-04
-1.8012E-06,-5.551E-04
-1.8008E-06,-7.504E-04
-1.8004E-06,-1.043E-03
-1.8000E-06,-8.480E-04
-1.7996E-06,-6.527E-04
-1.7992E-06,-7.504E-04
-1.7988E-06,-1.043E-03
-1.7984E-06,-1.141E-03
-1.7980E-06,-1.645E-04
-1.7976E-06,-7.504E-04
-1.7972E-06,-6.527E-04
-1.7968E-06,-3.598E-04
-1.7964E-06,-3.598E-04
-1.7960E-06,-7.504E-04
-1.7956E-06,-9.457E-04
-1.7952E-06,-6.527E-04
-1.7948E-06,-5.551E-04
-1.7944E-06,-5.551E-04
-1.7940E-06,-4.574E-04
-1.7936E-06,-5.551E-04
-1.7932E-06,-9.457E-04
-1.7928E-06,-5.551E-04
-1.7924E-06,-9.457E-04
-1.7920E-06,-9.457E-04
-1.7916E-06,-4.574E-04
-1.7912E-06,-9.457E-04
-1.7908E-06,-9.457E-04
-1.7904E-06,-8.480E-04
-1.7900E-06,-9.457E-04
-1.7896E-06,-3.598E-04
-1.7892E-06,-9.457E-04
-1.7888E-06,-5.551E-04
-1.7884E-06,-9.457E-04
-1.7880E-06,-9.457E-04
-1.7876E-06,-8.480E-04
-1.7872E-06,-4.574E-04
-1.7868E-06,-4.574E-04
-1.7864E-06,-4.574E-04
-1.7860E-06,-9.457E-04
-1.7856E-06,-5.551E-04
-1.7852E-06,-5.551E-04
-1.7848E-06,-8.480E-04
-1.7844E-06,-5.551E-04
-1.7840E-06,-4.574E-04
-1.7836E-06,-4.574E-04
-1.7832E-06,3.086E-05
-1.7828E-06,-6.527E-04
-1.7824E-06,-6.527E-04
-1.7820E-06,-5.551E-04
-1.7816E-06,-6.527E-04
-1.7812E-06,-6.527E-04
-1.7808E-06,-7.504E-04
-1.7804E-06,-1.645E-04
-1.7800E-06,-4.574E-04
-1.7796E-06,-1.043E-03
-1.7792E-06,-5.551E-04
-1.7788E-06,-9.457E-04
-1.7784E-06,-8.480E-04
-1.7780E-06,-6.527E-04
-1.7776E-06,-1.239E-03
-1.7772E-06,-8.480E-04
-1.7768E-06,-6.527E-04
-1.7764E-06,-8.480E-04
-1.7760E-06,-8.480E-04
-1.7756E-06,-7.504E-04
-1.7752E-06,-6.527E-04
-1.7748E-06,-7.504E-04
-1.7744E-06,-7.504E-04
-1.7740E-06,-8.480E-04
-1.7736E-06,-5.551E-04
-1.7732E-06,-6.527E-04
-1.7728E-06,-6.527E-04
-1.7724E-06,-8.480E-04
-1.7720E-06,-8.480E-04
-1.7716E-06,-8.480E-04
-1.7712E-06,-5.551E-04
-1.7708E-06,-1.043E-03
-1.7704E-06,-8.480E-04
-1.7700E-06,-1.043E-03
-1.7696E-06,-5.551E-04
-1.7692E-06,-6.527E-04
-1.7688E-06,-3.598E-04
-1.7684E-06,-7.504E-04
-1.7680E-06,-3.598E-04
-1.7676E-06,-5.551E-04
-1.7672E-06,-2.621E-04
-1.7668E-06,-8.480E-04
-1.7664E-06,-6.527E-04
-1.7660E-06,-7.504E-04
-1.7656E-06,-9.457E-04
-1.7652E-06,-5.551E-04
-1.7648E-06,-6.527E-04
-1.7644E-06,-6.527E-04
-1.7640E-06,-6.527E-04
-1.7636E-06,-7.504E-04
-1.7632E-06,-4.574E-04
-1.7628E-06,-6.527E-04
-1.7624E-06,-5.551E-04
-1.7620E-06,-8.480E-04
-1.7616E-06,-3.598E-04
-1.7612E-06,-5.551E-04
-1.7608E-06,-8.480E-04
-1.7604E-06,-5.551E-04
-1.7600E-06,-6.527E-04
-1.7596E-06,-9.457E-04
-1.7592E-06,-5.551E-04
-1.7588E-06,-4.574E-04
-1.7584E-06,-3.598E-04
-1.7580E-06,-3.598E-04
-1.7576E-06,-8.480E-04
-1.7572E-06,-1.043E-03
-1.7568E-06,-9.457E-04
-1.7564E-06,-8.480E-04
-1.7560E-06,-8.480E-04
-1.7556E-06,-9.457E-04
-1.7552E-06,-8.480E-04
-1.7548E-06,-9.457E-04
-1.7544E-06,-4.574E-04
-1.7540E-06,-7.504E-04
-1.7536E-06,-1.239E-03
-1.7532E-06,-5.551E-04
-1.7528E-06,-7.504E-04
-1.7524E-06,-7.504E-04
-1.7520E-06,-5.551E-04
-1.7516E-06,-2.621E-04
-1.7512E-06,-5.551E-04
-1.7508E-06,-7.504E-04
-1.7504E-06,-5.551E-04
-1.7500E-06,-9.457E-04
-1.7496E-06,-8.480E-04
-1.7492E-06,-9.457E-04
-1.7488E-06,-8.480E-04
-1.7484E-06,-9.457E-04
-1.7480E-06,-8.480E-04
-1.7476E-06,-8.480E-04
-1.7472E-06,-8.480E-04
-1.7468E-06,-8.480E-04
-1.7464E-06,-6.527E-04
-1.7460E-06,-9.457E-04
-1.7456E-06,-8.480E-04
-1.7452E-06,-8.480E-04
-1.7448E-06,-5.551E-04
-1.7444E-06,-5.551E-04
-1.7440E-06,-6.680E-05
-1.7436E-06,-6.527E-04
-1.7432E-06,-6.527E-04
-1.7428E-06,-8.480E-04
-1.7424E-06,-6.527E-04
-1.7420E-06,-8.480E-04
-1.7416E-06,-6.527E-04
-1.7412E-06,-6.527E-04
-1.7408E-06,-6.527E-04
-1.7404E-06,-1.141E-03
-1.7400E-06,-1.141E-03
-1.7396E-06,-6.527E-04
-1.7392E-06,-5.551E-04
-1.7388E-06,-3.598E-04
-1.7384E-06,-5.551E-04
-1.7380E-06,-6.527E-04
-1.7376E-06,-8.480E-04
-1.7372E-06,-5.551E-04
-1.7368E-06,-6.527E-04
-1.7364E-06,-1.043E-03
-1.7360E-06,-5.551E-04
-1.7356E-06,-2.621E-04
-1.7352E-06,-8.480E-04
-1.7348E-06,-7.504E-04
-1.7344E-06,-6.527E-04
-1.7340E-06,-7.504E-04
-1.7336E-06,-8.480E-04
-1.7332E-06,-2.621E-04
-1.7328E-06,-9.457E-04
-1.7324E-06,-8.480E-04
-1.7320E-06,-4.574E-04
-1.7316E-06,-8.480E-04
-1.7312E-06,-7.504E-04
-1.7308E-06,-7.504E-04
-1.7304E-06,-9.457E-04
-1.7300E-06,-1.336E-03
-1.7296E-06,-1.043E-03
-1.7292E-06,-8.480E-04
-1.7288E-06,-9.457E-04
-1.7284E-06,-1.141E-03
-1.7280E-06,-6.527E-04
-1.7276E-06,-7.504E-04
-1.7272E-06,-8.480E-04
-1.7268E-06,-6.527E-04
-1.7264E-06,-5.551E-04
-1.7260E-06,-1.645E-04
-1.7256E-06,-5.551E-04
-1.7252E-06,-8.480E-04
-1.7248E-06,-1.043E-03
-1.7244E-06,-5.551E-04
-1.7240E-06,-2.621E-04
-1.7236E-06,-7.504E-04
-1.7232E-06,-4.574E-04
-1.7228E-06,-9.457E-04
-1.7224E-06,-9.457E-04
-1.7220E-06,-5.551E-04
-1.7216E-06,-9.457E-04
-1.7212E-06,-5.551E-04
-1.7208E-06,-5.551E-04
-1.7204E-06,-7.504E-04
-1.7200E-06,-1.141E-03
-1.7196E-06,-1.141E-03
-1.7192E-06,-8.480E-04
-1.7188E-06,-6.527E-04
-1.7184E-06,-4.574E-04
-1.7180E-06,-5.551E-04
-1.7176E-06,-5.551E-04
-1.7172E-06,-7.504E-04
-1.7168E-06,-8.480E-04
-1.7164E-06,-8.480E-04
-1.7160E-06,-6.527E-04
-1.7156E-06,-5.551E-04
-1.7152E-06,-8.480E-04
-1.7148E-06,-5.551E-04
-1.7144E-06,-5.551E-04
-1.7140E-06,-1.043E-03
-1.7136E-06,-1.043E-03
-1.7132E-06,-8.480E-04
-1.7128E-06,-4.574E-04
-1.7124E-06,-8.480E-04
-1.7120E-06,-7.504E-04
-1.7116E-06,-6.527E-04
-1.7112E-06,-9.457E-04
-1.7108E-06,-8.480E-04
-1.7104E-06,-8.480E-04
-1.7100E-06,-9.457E-04
-1.7096E-06,-6.527E-04
-1.7092E-06,-1.043E-03
-1.7088E-06,-9.457E-04
-1.7084E-06,-2.621E-04
-1.7080E-06,-5.551E-04
-1.7076E-06,-1.239E-03
-1.7072E-06,-8.480E-04
-1.7068E-06,-5.551E-04
-1.7064E-06,-9.457E-04
-1.7060E-06,-7.504E-04
-1.7056E-06,-1.043E-03
-1.7052E-06,-6.527E-04
-1.7048E-06,-8.480E-04
-1.7044E-06,-1.141E-03
-1.7040E-06,-9.457E-04
-1.7036E-06,-6.527E-04
-1.7032E-06,-6.527E-04
-1.7028E-06,-5.551E-04
-1.7024E-06,-1.141E-03
-1.7020E-06,-4.574E-04
-1.7016E-06,-7.504E-04
-1.7012E-06,-8.480E-04
-1.7008E-06,-8.480E-04
-1.7004E-06,-5.551E-04
-1.7000E-06,-8.480E-04
-1.6996E-06,-7.504E-04
-1.6992E-06,-9.457E-04
-1.6988E-06,-5.551E-04
-1.6984E-06,-1.141E-03
-1.6980E-06,-1.141E-03
-1.6976E-06,-5.551E-04
-1.6972E-06,-9.457E-04
-1.6968E-06,-2.621E-04
-1.6964E-06,-8.480E-04
-1.6960E-06,-6.527E-04
-1.6956E-06,-5.551E-04
-1.6952E-06,-6.527E-04
-1.6948E-06,-9.457E-04
-1.6944E-06,-1.239E-03
-1.6940E-06,-5.551E-04
-1.6936E-06,-5.551E-04
-1.6932E-06,-8.480E-04
-1.6928E-06,-8.480E-04
-1.6924E-06,-4.574E-04
-1.6920E-06,-4.574E-04
-1.6916E-06,-1.239E-03
-1.6912E-06,-7.504E-04
-1.6908E-06,-1.141E-03
-1.6904E-06,-1.141E-03
-1.6900E-06,-1.141E-03
-1.6896E-06,-5.551E-04
-1.6892E-06,-7.504E-04
-1.6888E-06,-1.239E-03
-1.6884E-06,-5.551E-04
-1.6880E-06,-6.527E-04
-1.6876E-06,-9.457E-04
-1.6872E-06,-5.551E-04
-1.6868E-06,-9.457E-04
-1.6864E-06,-3.598E-04
-1.6860E-06,-1.043E-03
-1.6856E-06,-1.043E-03
-1.6852E-06,-6.527E-04
-1.6848E-06,-8.480E-04
-1.6844E-06,-7.504E-04
-1.6840E-06,-4.574E-04
-1.6836E-06,-6.527E-04
-1.6832E-06,-4.574E-04
-1.6828E-06,-6.527E-04
-1.6824E-06,-8.480E-04
-1.6820E-06,-1.043E-03
-1.6816E-06,-5.551E-04
-1.6812E-06,-6.527E-04
-1.6808E-06,-8.480E-04
-1.6804E-06,-9.457E-04
-1.6800E-06,-9.457E-04
-1.6796E-06,-6.527E-04
-1.6792E-06,-1.043E-03
-1.6788E-06,-9.457E-04
-1.6784E-06,-5.551E-04
-1.6780E-06,-1.239E-03
-1.6776E-06,-5.551E-04
-1.6772E-06,-8.480E-04
-1.6768E-06,-9.457E-04
-1.6764E-06,-4.574E-04
-1.6760E-06,-5.551E-04
-1.6756E-06,-1.239E-03
-1.6752E-06,-9.457E-04
-1.6748E-06,-6.527E-04
-1.6744E-06,-5.551E-04
-1.6740E-06,-5.551E-04
-1.6736E-06,-6.527E-04
-1.6732E-06,-1.043E-03
-1.6728E-06,-8.480E-04
-1.6724E-06,-8.480E-04
-1.6720E-06,-6.527E-04
-1.6716E-06,-7.504E-04
-1.6712E-06,-6.527E-04
-1.6708E-06,-5.551E-04
-1.6704E-06,-1.043E-03
-1.6700E-06,-8.480E-04
-1.6696E-06,-5.551E-04
-1.6692E-06,-6.527E-04
-1.6688E-06,-9.457E-04
-1.6684E-06,-3.598E-04
-1.6680E-06,-5.551E-04
-1.6676E-06,-9.457E-04
-1.6672E-06,-7.504E-04
-1.6668E-06,-6.527E-04
-1.6664E-06,-9.457E-04
-1.6660E-06,-1.239E-03
-1.6656E-06,-9.457E-04
-1.6652E-06,-9.457E-04
-1.6648E-06,-8.480E-04
-1.6644E-06,-1.239E-03
-1.6640E-06,-9.457E-04
-1.6636E-06,-7.504E-04
-1.6632E-06,-1.239E-03
-1.6628E-06,-4.574E-04
-1.6624E-06,-6.527E-04
-1.6620E-06,-7.504E-04
-1.6616E-06,-4.574E-04
-1.6612E-06,-8.480E-04
-1.6608E-06,-9.457E-04
-1.6604E-06,-6.527E-04
-1.6600E-06,-7.504E-04
-1.6596E-06,-7.504E-04
-1.6592E-06,-5.551E-04
-1.6588E-06,-1.141E-03
-1.6584E-06,-6.527E-04
-1.6580E-06,-1.043E-03
-1.6576E-06,-8.480E-04
-1.6572E-06,-9.457E-04
-1.6568E-06,-8.480E-04
-1.6564E-06,-1.434E-03
-1.6560E-06,-1.239E-03
-1.6556E-06,-1.043E-03
-1.6552E-06,-3.598E-04
-1.6548E-06,-1.043E-03
-1.6544E-06,-9.457E-04
-1.6540E-06,-7.504E-04
-1.6536E-06,-1.043E-03
-1.6532E-06,-1.239E-03
-1.6528E-06,-1.043E-03
-1.6524E-06,-1.043E-03
-1.6520E-06,-3.598E-04
-1.6516E-06,-6.527E-04
-1.6512E-06,-1.043E-03
-1.6508E-06,-7.504E-04
-1.6504E-06,-7.504E-04
-1.6500E-06,-9.457E-04
-1.6496E-06,-1.043E-03
-1.6492E-06,-5.551E-04
-1.6488E-06,-9.457E-04
-1.6484E-06,-8.480E-04
-1.6480E-06,-7.504E-04
-1.6476E-06,-9.457E-04
-1.6472E-06,-1.434E-03
-1.6468E-06,-8.480E-04
-1.6464E-06,-7.504E-04
-1.6460E-06,-9.457E-04
-1.6456E-06,-7.504E-04
-1.6452E-06,-9.457E-04
-1.6448E-06,-1.239E-03
-1.6444E-06,-8.480E-04
-1.6440E-06,-1.043E-03
-1.6436E-06,-8.480E-04
-1.6432E-06,-6.527E-04
-1.6428E-06,-7.504E-04
-1.6424E-06,-1.141E-03
-1.6420E-06,-1.043E-03
-1.6416E-06,-6.527E-04
-1.6412E-06,-7.504E-04
-1.6408E-06,-9.457E-04
-1.6404E-06,-8.480E-04
-1.6400E-06,-3.598E-04
-1.6396E-06,-8.480E-04
-1.6392E-06,-5.551E-04
-1.6388E-06,-6.527E-04
-1.6384E-06,-6.527E-04
-1.6380E-06,-8.480E-04
-1.6376E-06,-1.141E-03
-1.6372E-06,-6.527E-04
-1.6368E-06,-1.043E-03
-1.6364E-06,-1.043E-03
-1.6360E-06,-5.551E-04
-1.6356E-06,-1.043E-03
-1.6352E-06,-8.480E-04
-1.6348E-06,-7.504E-04
-1.6344E-06,-9.457E-04
-1.6340E-06,-1.043E-03
-1.6336E-06,-6.527E-04
-1.6332E-06,-8.480E-04
-1.6328E-06,-2.621E-04
-1.6324E-06,-6.527E-04
-1.6320E-06,-8.480E-04
-1.6316E-06,-5.551E-04
-1.6312E-06,-9.457E-04
-1.6308E-06,-1.239E-03
-1.6304E-06,-6.527E-04
-1.6300E-06,-5.551E-04
-1.6296E-06,-1.043E-03
-1.6292E-06,-7.504E-04
-1.6288E-06,-8.480E-04
-1.6284E-06,-4.574E-04
-1.6280E-06,-8.480E-04
-1.6276E-06,-7.504E-04
-1.6272E-06,-3.598E-04
-1.6268E-06,-5.551E-04
-1.6264E-06,-8.480E-04
-1.6260E-06,-1.434E-03
-1.6256E-06,-6.527E-04
-1.6252E-06,-8.480E-04
-1.6248E-06,-1.141E-03
-1.6244E-06,-7.504E-04
-1.6240E-06,-9.457E-04
-1.6236E-06,-6.527E-04
-1.6232E-06,-5.551E-04
-1.6228E-06,-8.480E-04
-1.6224E-06,-7.504E-04
-1.6220E-06,-9.457E-04
-1.6216E-06,-9.457E-04
-1.6212E-06,-6.527E-04
-1.6208E-06,-5.551E-04
-1.6204E-06,-5.551E-04
-1.6200E-06,-1.239E-03
-1.6196E-06,-7.504E-04
-1.6192E-06,-6.527E-04
-1.6188E-06,-7.504E-04
-1.6184E-06,-5.551E-04
-1.6180E-06,-8.480E-04
-1.6176E-06,-1.141E-03
-1.6172E-06,-5.551E-04
-1.6168E-06,-3.598E-04
-1.6164E-06,-1.043E-03
-1.6160E-06,-6.527E-04
-1.6156E-06,-5.551E-04
-1.6152E-06,-6.527E-04
-1.6148E-06,-1.043E-03
-1.6144E-06,-7.504E-04
-1.6140E-06,-9.457E-04
-1.6136E-06,-5.551E-04
-1.6132E-06,-5.551E-04
-1.6128E-06,-9.457E-04
-1.6124E-06,-1.043E-03
-1.6120E-06,-6.527E-04
-1.6116E-06,-1.043E-03
-1.6112E-06,-9.457E-04
-1.6108E-06,-5.551E-04
-1.6104E-06,-5.551E-04
-1.6100E-06,-1.043E-03
-1.6096E-06,-1.043E-03
-1.6092E-06,-6.527E-04
-1.6088E-06,-8.480E-04
-1.6084E-06,-1.239E-03
-1.6080E-06,-7.504E-04
-1.6076E-06,-7.504E-04
-1.6072E-06,-6.527E-04
-1.6068E-06,-6.527E-04
-1.6064E-06,-5.551E-04
-1.6060E-06,-8.480E-04
-1.6056E-06,-1.239E-03
-1.6052E-06,-1.043E-03
-1.6048E-06,-9.457E-04
-1.6044E-06,-6.527E-04
-1.6040E-06,-1.043E-03
-1.6036E-06,-6.527E-04
-1.6032E-06,-4.574E-04
-1.6028E-06,-8.480E-04
-1.6024E-06,-5.551E-04
-1.6020E-06,-8.480E-04
-1.6016E-06,-1.239E-03
-1.6012E-06,-9.457E-04
-1.6008E-06,-9.457E-04
-1.6004E-06,-9.457E-04
-1.6000E-06,-1.043E-03
-1.5996E-06,-9.457E-04
-1.5992E-06,-9.457E-04
-1.5988E-06,-1.141E-03
-1.5984E-06,-8.480E-04
-1.5980E-06,-5.551E-04
-1.5976E-06,-7.504E-04
-1.5972E-06,-9.457E-04
-1.5968E-06,-3.598E-04
-1.5964E-06,-6.527E-04
-1.5960E-06,-7.504E-04
-1.5956E-06,-1.239E-03
-1.5952E-06,-1.239E-03
-1.5948E-06,-1.239E-03
-1.5944E-06,-9.457E-04
-1.5940E-06,-1.141E-03
-1.5936E-06,-5.551E-04
-1.5932E-06,-6.527E-04
-1.5928E-06,-5.551E-04
-1.5924E-06,-6.527E-04
-1.5920E-06,-1.043E-03
-1.5916E-06,-1.043E-03
-1.5912E-06,-1.043E-03
-1.5908E-06,-9.457E-04
-1.5904E-06,-9.457E-04
-1.5900E-06,-1.043E-03
-1.5896E-06,-5.551E-04
-1.5892E-06,-8.480E-04
-1.5888E-06,-6.527E-04
-1.5884E-06,-3.598E-04
-1.5880E-06,-4.574E-04
-1.5876E-06,-1.141E-03
-1.5872E-06,-6.527E-04
-1.5868E-06,-8.480E-04
-1.5864E-06,-8.480E-04
-1.5860E-06,-6.527E-04
-1.5856E-06,-8.480E-04
-1.5852E-06,-1.239E-03
-1.5848E-06,-1.239E-03
-1.5844E-06,-1.336E-03
-1.5840E-06,-9.457E-04
-1.5836E-06,-1.141E-03
-1.5832E-06,-1.141E-03
-1.5828E-06,-6.527E-04
-1.5824E-06,-9.457E-04
-1.5820E-06,-4.574E-04
-1.5816E-06,-7.504E-04
-1.5812E-06,-8.480E-04
-1.5808E-06,-7.504E-04
-1.5804E-06,-9.457E-04
-1.5800E-06,-1.043E-03
-1.5796E-06,-1.336E-03
-1.5792E-06,-1.239E-03
-1.5788E-06,-9.457E-04
-1.5784E-06,-9.457E-04
-1.5780E-06,-7.504E-04
-1.5776E-06,-3.598E-04
-1.5772E-06,-6.527E-04
-1.5768E-06,-1.043E-03
-1.5764E-06,-7.504E-04
-1.5760E-06,-6.527E-04
-1.5756E-06,-9.457E-04
-1.5752E-06,-9.457E-04
-1.5748E-06,-1.043E-03
-1.5744E-06,-8.480E-04
-1.5740E-06,-6.527E-04
-1.5736E-06,-8.480E-04
-1.5732E-06,-8.480E-04
-1.5728E-06,-8.480E-04
-1.5724E-06,-9.457E-04
-1.5720E-06,-6.527E-04
-1.5716E-06,-6.527E-04
-1.5712E-06,-1.141E-03
-1.5708E-06,-5.551E-04
-1.5704E-06,-9.457E-04
-1.5700E-06,-9.457E-04
-1.5696E-06,-8.480E-04
-1.5692E-06,-5.551E-04
-1.5688E-06,-4.574E-04
-1.5684E-06,-6.527E-04
-1.5680E-06,-8.480E-04
-1.5676E-06,-9.457E-04
-1.5672E-06,-1.239E-03
-1.5668E-06,-1.043E-03
-1.5664E-06,-9.457E-04
-1.5660E-06,-9.457E-04
-1.5656E-06,-8.480E-04
-1.5652E-06,-9.457E-04
-1.5648E-06,-1.043E-03
-1.5644E-06,-6.527E-04
-1.5640E-06,-9.457E-04
-1.5636E-06,-1.043E-03
-1.5632E-06,-5.551E-04
-1.5628E-06,-8.480E-04
-1.5624E-06,-1.043E-03
-1.5620E-06,-1.043E-03
-1.5616E-06,-1.434E-03
-1.5612E-06,-1.239E-03
-1.5608E-06,-1.532E-03
-1.5604E-06,-1.434E-03
-1.5600E-06,-9.457E-04
-1.5596E-06,-9.457E-04
-1.5592E-06,-8.480E-04
-1.5588E-06,-6.527E-04
-1.5584E-06,-1.141E-03
-1.5580E-06,-2.621E-04
-1.5576E-06,-9.457E-04
-1.5572E-06,-8.480E-04
-1.5568E-06,-6.527E-04
-1.5564E-06,-5.551E-04
-1.5560E-06,-5.551E-04
-1.5556E-06,-1.043E-03
-1.5552E-06,-9.457E-04
-1.5548E-06,-5.551E-04
-1.5544E-06,-7.504E-04
-1.5540E-06,-1.141E-03
-1.5536E-06,-1.239E-03
-1.5532E-06,-9.457E-04
-1.5528E-06,-5.551E-04
-1.5524E-06,-8.480E-04
-1.5520E-06,-1.239E-03
-1.5516E-06,-8.480E-04
-1.5512E-06,-8.480E-04
-1.5508E-06,-8.480E-04
-1.5504E-06,-1.043E-03
-1.5500E-06,-1.043E-03
-1.5496E-06,-5.551E-04
-1.5492E-06,-7.504E-04
-1.5488E-06,-8.480E-04
-1.5484E-06,-6.527E-04
-1.5480E-06,-1.043E-03
-1.5476E-06,-1.141E-03
-1.5472E-06,-5.551E-04
-1.5468E-06,-9.457E-04
-1.5464E-06,-5.551E-04
-1.5460E-06,-9.457E-04
-1.5456E-06,-7.504E-04
-1.5452E-06,-8.480E-04
-1.5448E-06,-9.457E-04
-1.5444E-06,-5.551E-04
-1.5440E-06,-9.457E-04
-1.5436E-06,-5.551E-04
-1.5432E-06,-5.551E-04
-1.5428E-06,-1.141E-03
-1.5424E-06,-8.480E-04
-1.5420E-06,-6.527E-04
-1.5416E-06,-1.141E-03
-1.5412E-06,-1.043E-03
-1.5408E-06,-6.527E-04
-1.5404E-06,-8.480E-04
-1.5400E-06,-7.504E-04
-1.5396E-06,-9.457E-04
-1.5392E-06,-9.457E-04
-1.5388E-06,-7.504E-04
-1.5384E-06,-7.504E-04
-1.5380E-06,-1.336E-03
-1.5376E-06,-1.141E-03
-1.5372E-06,-1.043E-03
-1.5368E-06,-5.551E-04
-1.5364E-06,-9.457E-04
-1.5360E-06,-9.457E-04
-1.5356E-06,-5.551E-04
-1.5352E-06,-1.239E-03
-1.5348E-06,-8.480E-04
-1.5344E-06,-9.457E-04
-1.5340E-06,-5.551E-04
-1.5336E-06,-9.457E-04
-1.5332E-06,-1.141E-03
-1.5328E-06,-1.043E-03
-1.5324E-06,-8.480E-04
-1.5320E-06,-8.480E-04
-1.5316E-06,-7.504E-04
-1.5312E-06,-8.480E-04
-1.5308E-06,-7.504E-04
-1.5304E-06,-1.239E-03
-1.5300E-06,-1.434E-03
-1.5296E-06,-9.457E-04
-1.5292E-06,-1.141E-03
-1.5288E-06,-7.504E-04
-1.5284E-06,-1.141E-03
-1.5280E-06,-5.551E-04
-1.5276E-06,-6.527E-04
-1.5272E-06,-6.527E-04
-1.5268E-06,-1.043E-03
-1.5264E-06,-9.457E-04
-1.5260E-06,-3.598E-04
-1.5256E-06,-9.457E-04
-1.5252E-06,-9.457E-04
-1.5248E-06,-8.480E-04
-1.5244E-06,-5.551E-04
-1.5240E-06,-4.574E-04
-1.5236E-06,-1.043E-03
-1.5232E-06,-7.504E-04
-1.5228E-06,-8.480E-04
-1.5224E-06,-1.141E-03
-1.5220E-06,-9.457E-04
-1.5216E-06,-6.527E-04
-1.5212E-06,-1.239E-03
-1.5208E-06,-6.527E-04
-1.5204E-06,-6.527E-04
-1.5200E-06,-7.504E-04
-1.5196E-06,-9.457E-04
-1.5192E-06,-8.480E-04
-1.5188E-06,-9.457E-04
-1.5184E-06,-1.043E-03
-1.5180E-06,-9.457E-04
-1.5176E-06,-1.141E-03
-1.5172E-06,-1.141E-03
-1.5168E-06,-5.551E-04
-1.5164E-06,-9.457E-04
-1.5160E-06,-9.457E-04
-1.5156E-06,-1.532E-03
-1.5152E-06,-8.480E-04
-1.5148E-06,-3.598E-04
-1.5144E-06,-8.480E-04
-1.5140E-06,-1.141E-03
-1.5136E-06,-6.527E-04
-1.5132E-06,-1.043E-03
-1.5128E-06,-1.043E-03
-1.5124E-06,-6.527E-04
-1.5120E-06,-6.527E-04
-1.5116E-06,-8.480E-04
-1.5112E-06,-4.574E-04
-1.5108E-06,-3.598E-04
-1.5104E-06,-1.043E-03
-1.5100E-06,-1.239E-03
-1.5096E-06,-1.043E-03
-1.5092E-06,-9.457E-04
-1.5088E-06,-1.043E-03
-1.5084E-06,-9.457E-04
-1.5080E-06,-1.043E-03
-1.5076E-06,-8.480E-04
-1.5072E-06,-8.480E-04
-1.5068E-06,-2.621E-04
-1.5064E-06,-2.621E-04
-1.5060E-06,-7.504E-04
-1.5056E-06,-5.551E-04
-1.5052E-06,-1.043E-03
-1.5048E-06,-5.551E-04
-1.5044E-06,-1.239E-03
-1.5040E-06,-1.239E-03
-1.5036E-06,-1.141E-03
-1.5032E-06,-1.043E-03
-1.5028E-06,-8.480E-04
-1.5024E-06,-9.457E-04
-1.5020E-06,-4.574E-04
-1.5016E-06,-6.527E-04
-1.5012E-06,-7.504E-04
-1.5008E-06,-1.043E-03
-1.5004E-06,-9.457E-04
-1.5000E-06,-8.480E-04
-1.4996E-06,-8.480E-04
-1.4992E-06,-7.504E-04
-1.4988E-06,-6.527E-04
-1.4984E-06,-9.457E-04
-1.4980E-06,-5.551E-04
-1.4976E-06,-1.043E-03
-1.4972E-06,-5.551E-04
-1.4968E-06,-9.457E-04
-1.4964E-06,-6.527E-04
-1.4960E-06,-9.457E-04
-1.4956E-06,-7.504E-04
-1.4952E-06,-9.457E-04
-1.4948E-06,-1.141E-03
-1.4944E-06,-1.141E-03
-1.4940E-06,-8.480E-04
-1.4936E-06,-9.457E-04
-1.4932E-06,-8.480E-04
-1.4928E-06,-8.480E-04
-1.4924E-06,-6.527E-04
-1.4920E-06,-4.574E-04
-1.4916E-06,-1.239E-03
-1.4912E-06,-1.043E-03
-1.4908E-06,-9.457E-04
-1.4904E-06,-1.043E-03
-1.4900E-06,-1.141E-03
-1.4896E-06,-9.457E-04
-1.4892E-06,-1.043E-03
-1.4888E-06,-9.457E-04
-1.4884E-06,-9.457E-04
-1.4880E-06,-5.551E-04
-1.4876E-06,-5.551E-04
-1.4872E-06,-5.551E-04
-1.4868E-06,-1.043E-03
-1.4864E-06,-7.504E-04
-1.4860E-06,-9.457E-04
-1.4856E-06,-1.239E-03
-1.4852E-06,-1.532E-03
-1.4848E-06,-9.457E-04
-1.4844E-06,-6.527E-04
-1.4840E-06,-9.457E-04
-1.4836E-06,-5.551E-04
-1.4832E-06,-5.551E-04
-1.4828E-06,-5.551E-04
-1.4824E-06,-6.527E-04
-1.4820E-06,-9.457E-04
-1.4816E-06,-9.457E-04
-1.4812E-06,-1.043E-03
-1.4808E-06,-1.239E-03
-1.4804E-06,-1.043E-03
-1.4800E-06,-1.141E-03
-1.4796E-06,-5.551E-04
-1.4792E-06,-6.527E-04
-1.4788E-06,-9.457E-04
-1.4784E-06,-8.480E-04
-1.4780E-06,-5.551E-04
-1.4776E-06,-1.043E-03
-1.4772E-06,-8.480E-04
-1.4768E-06,-9.457E-04
-1.4764E-06,-6.527E-04
-1.4760E-06,-5.551E-04
-1.4756E-06,-8.480E-04
-1.4752E-06,-1.141E-03
-1.4748E-06,-9.457E-04
-1.4744E-06,-9.457E-04
-1.4740E-06,-9.457E-04
-1.4736E-06,-5.551E-04
-1.4732E-06,-7.504E-04
-1.4728E-06,-5.551E-04
-1.4724E-06,-1.532E-03
-1.4720E-06,-1.141E-03
-1.4716E-06,-9.457E-04
-1.4712E-06,-8.480E-04
-1.4708E-06,-8.480E-04
-1.4704E-06,-9.457E-04
-1.4700E-06,-9.457E-04
-1.4696E-06,-7.504E-04
-1.4692E-06,-8.480E-04
-1.4688E-06,-1.043E-03
-1.4684E-06,-5.551E-04
-1.4680E-06,-3.598E-04
-1.4676E-06,-2.621E-04
-1.4672E-06,-1.141E-03
-1.4668E-06,-9.457E-04
-1.4664E-06,-1.239E-03
-1.4660E-06,-1.239E-03
-1.4656E-06,-1.043E-03
-1.4652E-06,-3.598E-04
-1.4648E-06,-1.239E-03
-1.4644E-06,-9.457E-04
-1.4640E-06,-9.457E-04
-1.4636E-06,-7.504E-04
-1.4632E-06,-8.480E-04
-1.4628E-06,-7.504E-04
-1.4624E-06,-1.239E-03
-1.4620E-06,-8.480E-04
-1.4616E-06,-1.336E-03
-1.4612E-06,-7.504E-04
-1.4608E-06,-7.504E-04
-1.4604E-06,-5.551E-04
-1.4600E-06,-9.457E-04
-1.4596E-06,-6.527E-04
-1.4592E-06,-1.043E-03
-1.4588E-06,-8.480E-04
-1.4584E-06,-6.527E-04
-1.4580E-06,-1.532E-03
-1.4576E-06,-1.434E-03
-1.4572E-06,-1.141E-03
-1.4568E-06,-3.598E-04
-1.4564E-06,-1.141E-03
-1.4560E-06,-7.504E-04
-1.4556E-06,-5.551E-04
-1.4552E-06,-1.043E-03
-1.4548E-06,-1.239E-03
-1.4544E-06,-8.480E-04
-1.4540E-06,-9.457E-04
-1.4536E-06,-1.043E-03
-1.4532E-06,-1.043E-03
-1.4528E-06,-6.527E-04
-1.4524E-06,-7.504E-04
-1.4520E-06,-1.239E-03
-1.4516E-06,-1.043E-03
-1.4512E-06,-1.336E-03
-1.4508E-06,-8.480E-04
-1.4504E-06,-9.457E-04
-1.4500E-06,-8.480E-04
-1.4496E-06,-8.480E-04
-1.4492E-06,-9.457E-04
-1.4488E-06,-1.239E-03
-1.4484E-06,-8.480E-04
-1.4480E-06,-3.598E-04
-1.4476E-06,-9.457E-04
-1.4472E-06,-1.629E-03
-1.4468E-06,-1.043E-03
-1.4464E-06,-1.239E-03
-1.4460E-06,-6.527E-04
-1.4456E-06,-9.457E-04
-1.4452E-06,-1.043E-03
-1.4448E-06,-9.457E-04
-1.4444E-06,-6.527E-04
-1.4440E-06,-8.480E-04
-1.4436E-06,-7.504E-04
-1.4432E-06,-5.551E-04
-1.4428E-06,-9.457E-04
-1.4424E-06,-1.239E-03
-1.4420E-06,-1.336E-03
-1.4416E-06,-9.457E-04
-1.4412E-06,-1.043E-03
-1.4408E-06,-1.043E-03
-1.4404E-06,-7.504E-04
-1.4400E-06,-1.043E-03
-1.4396E-06,-3.598E-04
-1.4392E-06,-1.434E-03
-1.4388E-06,-7.504E-04
-1.4384E-06,-1.239E-03
-1.4380E-06,-1.239E-03
-1.4376E-06,-8.480E-04
-1.4372E-06,-9.457E-04
-1.4368E-06,-8.480E-04
-1.4364E-06,-5.551E-04
-1.4360E-06,-1.043E-03
-1.4356E-06,-5.551E-04
-1.4352E-06,-6.527E-04
-1.4348E-06,-9.457E-04
-1.4344E-06,-9.457E-04
-1.4340E-06,-1.043E-03
-1.4336E-06,-1.141E-03
-1.4332E-06,-8.480E-04
-1.4328E-06,-5.551E-04
-1.4324E-06,-1.336E-03
-1.4320E-06,-6.527E-04
-1.4316E-06,-8.480E-04
-1.4312E-06,-6.527E-04
-1.4308E-06,-6.527E-04
-1.4304E-06,-6.527E-04
-1.4300E-06,-5.551E-04
-1.4296E-06,-9.457E-04
-1.4292E-06,-8.480E-04
-1.4288E-06,-8.480E-04
-1.4284E-06,-1.141E-03
-1.4280E-06,-9.457E-04
-1.4276E-06,-1.043E-03
-1.4272E-06,-5.551E-04
-1.4268E-06,-8.480E-04
-1.4264E-06,-5.551E-04
-1.4260E-06,-5.551E-04
-1.4256E-06,-8.480E-04
-1.4252E-06,-6.527E-04
-1.4248E-06,-1.141E-03
-1.4244E-06,-9.457E-04
-1.4240E-06,-9.457E-04
-1.4236E-06,-6.527E-04
-1.4232E-06,-1.141E-03
-1.4228E-06,-7.504E-04
-1.4224E-06,-7.504E-04
-1.4220E-06,-1.141E-03
-1.4216E-06,-1.239E-03
-1.4212E-06,-9.457E-04
-1.4208E-06,-1.043E-03
-1.4204E-06,-5.551E-04
-1.4200E-06,-8.480E-04
-1.4196E-06,-9.457E-04
-1.4192E-06,-1.239E-03
-1.4188E-06,-9.457E-04
-1.4184E-06,-7.504E-04
-1.4180E-06,-1.239E-03
-1.4176E-06,-7.504E-04
-1.4172E-06,-8.480E-04
-1.4168E-06,-9.457E-04
-1.4164E-06,-1.141E-03
-1.4160E-06,-5.551E-04
-1.4156E-06,-7.504E-04
-1.4152E-06,-9.457E-04
-1.4148E-06,-8.480E-04
-1.4144E-06,-7.504E-04
-1.4140E-06,-7.504E-04
-1.4136E-06,-1.141E-03
-1.4132E-06,-6.527E-04
-1.4128E-06,-1.043E-03
-1.4124E-06,-3.598E-04
-1.4120E-06,-4.574E-04
-1.4116E-06,-8.480E-04
-1.4112E-06,-8.480E-04
-1.4108E-06,-5.551E-04
-1.4104E-06,-6.527E-04
-1.4100E-06,-5.551E-04
-1.4096E-06,-3.598E-04
-1.4092E-06,-1.141E-03
-1.4088E-06,-1.141E-03
-1.4084E-06,-1.239E-03
-1.4080E-06,-1.043E-03
-1.4076E-06,-1.239E-03
-1.4072E-06,-1.239E-03
-1.4068E-06,-9.457E-04
-1.4064E-06,-6.527E-04
-1.4060E-06,-8.480E-04
-1.4056E-06,-5.551E-04
-1.4052E-06,-7.504E-04
-1.4048E-06,-8.480E-04
-1.4044E-06,-5.551E-04
-1.4040E-06,-8.480E-04
-1.4036E-06,-1.239E-03
-1.4032E-06,-9.457E-04
-1.4028E-06,-9.457E-04
-1.4024E-06,-7.504E-04
-1.4020E-06,-9.457E-04
-1.4016E-06,-1.141E-03
-1.4012E-06,-7.504E-04
-1.4008E-06,-5.551E-04
-1.4004E-06,-1.239E-03
-1.4000E-06,-1.434E-03
-1.3996E-06,-1.141E-03
-1.3992E-06,-7.504E-04
-1.3988E-06,-1.141E-03
-1.3984E-06,-9.457E-04
-1.3980E-06,-9.457E-04
-1.3976E-06,-1.239E-03
-1.3972E-06,-9.457E-04
-1.3968E-06,-6.527E-04
-1.3964E-06,-6.527E-04
-1.3960E-06,-6.527E-04
-1.3956E-06,-1.043E-03
-1.3952E-06,-8.480E-04
-1.3948E-06,-2.621E-04
-1.3944E-06,-1.434E-03
-1.3940E-06,-1.141E-03
-1.3936E-06,-1.141E-03
-1.3932E-06,-3.598E-04
-1.3928E-06,-7.504E-04
-1.3924E-06,-6.527E-04
-1.3920E-06,-5.551E-04
-1.3916E-06,-5.551E-04
-1.3912E-06,-1.239E-03
-1.3908E-06,-5.551E-04
-1.3904E-06,-5.551E-04
-1.3900E-06,-8.480E-04
-1.3896E-06,-1.239E-03
-1.3892E-06,-9.457E-04
-1.3888E-06,-1.141E-03
-1.3884E-06,-6.527E-04
-1.3880E-06,-6.527E-04
-1.3876E-06,-9.457E-04
-1.3872E-06,-3.598E-04
-1.3868E-06,-1.141E-03
-1.3864E-06,-8.480E-04
-1.3860E-06,-7.504E-04
-1.3856E-06,-1.141E-03
-1.3852E-06,-8.480E-04
-1.3848E-06,-8.480E-04
-1.3844E-06,-1.239E-03
-1.3840E-06,-1.141E-03
-1.3836E-06,-7.504E-04
-1.3832E-06,-9.457E-04
-1.3828E-06,-9.457E-04
-1.3824E-06,-5.551E-04
-1.3820E-06,-1.141E-03
-1.3816E-06,-1.043E-03
-1.3812E-06,-1.336E-03
-1.3808E-06,-9.457E-04
-1.3804E-06,-1.043E-03
-1.3800E-06,-6.527E-04
-1.3796E-06,-1.043E-03
-1.3792E-06,-8.480E-04
-1.3788E-06,-6.527E-04
-1.3784E-06,-1.239E-03
-1.3780E-06,-8.480E-04
-1.3776E-06,-1.239E-03
-1.3772E-06,-6.527E-04
-1.3768E-06,-7.504E-04
-1.3764E-06,-8.480E-04
-1.3760E-06,-4.574E-04
-1.3756E-06,-8.480E-04
-1.3752E-06,-8.480E-04
-1.3748E-06,-5.551E-04
-1.3744E-06,-8.480E-04
-1.3740E-06,-1.141E-03
-1.3736E-06,-7.504E-04
-1.3732E-06,-9.457E-04
-1.3728E-06,-1.141E-03
-1.3724E-06,-6.527E-04
-1.3720E-06,-4.574E-04
-1.3716E-06,-5.551E-04
-1.3712E-06,-3.598E-04
-1.3708E-06,-9.457E-04
-1.3704E-06,-6.527E-04
-1.3700E-06,-1.239E-03
-1.3696E-06,-9.457E-04
-1.3692E-06,-5.551E-04
-1.3688E-06,-8.480E-04
-1.3684E-06,-8.480E-04
-1.3680E-06,-4.574E-04
-1.3676E-06,-6.527E-04
-1.3672E-06,-6.527E-04
-1.3668E-06,-7.504E-04
-1.3664E-06,-4.574E-04
-1.3660E-06,-7.504E-04
-1.3656E-06,-1.141E-03
-1.3652E-06,-9.457E-04
-1.3648E-06,-7.504E-04
-1.3644E-06,-9.457E-04
-1.3640E-06,-8.480E-04
-1.3636E-06,-1.043E-03
-1.3632E-06,-6.527E-04
-1.3628E-06,-6.527E-04
-1.3624E-06,-1.141E-03
-1.3620E-06,-9.457E-04
-1.3616E-06,-8.480E-04
-1.3612E-06,-8.480E-04
-1.3608E-06,-1.043E-03
-1.3604E-06,-8.480E-04
-1.3600E-06,-5.551E-04
-1.3596E-06,-6.527E-04
-1.3592E-06,-7.504E-04
-1.3588E-06,-8.480E-04
-1.3584E-06,-7.504E-04
-1.3580E-06,-9.457E-04
-1.3576E-06,-9.457E-04
-1.3572E-06,-9.457E-04
-1.3568E-06,-9.457E-04
-1.3564E-06,-8.480E-04
-1.3560E-06,-1.239E-03
-1.3556E-06,-1.141E-03
-1.3552E-06,-1.043E-03
-1.3548E-06,-8.480E-04
-1.3544E-06,-8.480E-04
-1.3540E-06,-9.457E-04
-1.3536E-06,-9.457E-04
-1.3532E-06,-4.574E-04
-1.3528E-06,-7.504E-04
-1.3524E-06,-4.574E-04
-1.3520E-06,-7.504E-04
-1.3516E-06,-1.239E-03
-1.3512E-06,-6.527E-04
-1.3508E-06,-1.043E-03
-1.3504E-06,-5.551E-04
-1.3500E-06,-9.457E-04
-1.3496E-06,-5.551E-04
-1.3492E-06,-7.504E-04
-1.3488E-06,-1.336E-03
-1.3484E-06,-8.480E-04
-1.3480E-06,-8.480E-04
-1.3476E-06,-7.504E-04
-1.3472E-06,-7.504E-04
-1.3468E-06,-7.504E-04
-1.3464E-06,-9.457E-04
-1.3460E-06,-6.527E-04
-1.3456E-06,-8.480E-04
-1.3452E-06,-9.457E-04
-1.3448E-06,-9.457E-04
-1.3444E-06,-1.141E-03
-1.3440E-06,-1.239E-03
-1.3436E-06,-8.480E-04
-1.3432E-06,-8.480E-04
-1.3428E-06,-9.457E-04
-1.3424E-06,-1.043E-03
-1.3420E-06,-9.457E-04
-1.3416E-06,-8.480E-04
-1.3412E-06,-6.527E-04
-1.3408E-06,-8.480E-04
-1.3404E-06,-3.598E-04
-1.3400E-06,-5.551E-04
-1.3396E-06,-7.504E-04
-1.3392E-06,-8.480E-04
-1.3388E-06,-5.551E-04
-1.3384E-06,-9.457E-04
-1.3380E-06,-1.141E-03
-1.3376E-06,-8.480E-04
-1.3372E-06,-3.598E-04
-1.3368E-06,-1.043E-03
-1.3364E-06,-1.043E-03
-1.3360E-06,-1.239E-03
-1.3356E-06,-7.504E-04
-1.3352E-06,-4.574E-04
-1.3348E-06,-9.457E-04
-1.3344E-06,-1.645E-04
-1.3340E-06,-7.504E-04
-1.3336E-06,-9.457E-04
-1.3332E-06,-1.043E-03
-1.3328E-06,-1.141E-03
-1.3324E-06,-1.043E-03
-1.3320E-06,-5.551E-04
-1.3316E-06,-6.527E-04
-1.3312E-06,-8.480E-04
-1.3308E-06,-5.551E-04
-1.3304E-06,-1.336E-03
-1.3300E-06,-1.141E-03
-1.3296E-06,-9.457E-04
-1.3292E-06,-1.043E-03
-1.3288E-06,-6.527E-04
-1.3284E-06,-7.504E-04
-1.3280E-06,-8.480E-04
-1.3276E-06,-9.457E-04
-1.3272E-06,-1.043E-03
-1.3268E-06,-1.043E-03
-1.3264E-06,-7.504E-04
-1.3260E-06,-1.043E-03
-1.3256E-06,-4.574E-04
-1.3252E-06,-6.527E-04
-1.3248E-06,-5.551E-04
-1.3244E-06,-5.551E-04
-1.3240E-06,-7.504E-04
-1.3236E-06,-7.504E-04
-1.3232E-06,-5.551E-04
-1.3228E-06,-3.598E-04
-1.3224E-06,-9.457E-04
-1.3220E-06,-9.457E-04
-1.3216E-06,-1.043E-03
-1.3212E-06,-8.480E-04
-1.3208E-06,-8.480E-04
-1.3204E-06,-4.574E-04
-1.3200E-06,-3.598E-04
-1.3196E-06,-8.480E-04
-1.3192E-06,-7.504E-04
-1.3188E-06,-7.504E-04
-1.3184E-06,-5.551E-04
-1.3180E-06,-2.621E-04
-1.3176E-06,-5.551E-04
-1.3172E-06,-7.504E-04
-1.3168E-06,-9.457E-04
-1.3164E-06,-8.480E-04
-1.3160E-06,-4.574E-04
-1.3156E-06,-1.043E-03
-1.3152E-06,-8.480E-04
-1.3148E-06,-6.527E-04
-1.3144E-06,-1.532E-03
-1.3140E-06,-8.480E-04
-1.3136E-06,-1.141E-03
-1.3132E-06,-1.043E-03
-1.3128E-06,-8.480E-04
-1.3124E-06,-1.141E-03
-1.3120E-06,-1.141E-03
-1.3116E-06,-1.645E-04
-1.3112E-06,-5.551E-04
-1.3108E-06,-8.480E-04
-1.3104E-06,-8.480E-04
-1.3100E-06,-7.504E-04
-1.3096E-06,-6.527E-04
-1.3092E-06,-5.551E-04
-1.3088E-06,-9.457E-04
-1.3084E-06,-1.141E-03
-1.3080E-06,-1.239E-03
-1.3076E-06,-1.141E-03
-1.3072E-06,-8.480E-04
-1.3068E-06,-5.551E-04
-1.3064E-06,-4.574E-04
-1.3060E-06,-9.457E-04
-1.3056E-06,-6.527E-04
-1.3052E-06,-9.457E-04
-1.3048E-06,-9.457E-04
-1.3044E-06,-9.457E-04
-1.3040E-06,-1.141E-03
-1.3036E-06,-1.141E-03
-1.3032E-06,-5.551E-04
-1.3028E-06,-8.480E-04
-1.3024E-06,-1.141E-03
-1.3020E-06,-4.574E-04
-1.3016E-06,-7.504E-04
-1.3012E-06,-7.504E-04
-1.3008E-06,-7.504E-04
-1.3004E-06,-8.480E-04
-1.3000E-06,-9.457E-04
-1.2996E-06,-9.457E-04
-1.2992E-06,-9.457E-04
-1.2988E-06,-1.043E-03
-1.2984E-06,-9.457E-04
-1.2980E-06,-6.527E-04
-1.2976E-06,-6.527E-04
-1.2972E-06,-2.621E-04
-1.2968E-06,-1.043E-03
-1.2964E-06,-1.239E-03
-1.2960E-06,-6.527E-04
-1.2956E-06,-6.527E-04
-1.2952E-06,-6.527E-04
-1.2948E-06,-1.336E-03
-1.2944E-06,-7.504E-04
-1.2940E-06,-8.480E-04
-1.2936E-06,-5.551E-04
-1.2932E-06,-1.141E-03
-1.2928E-06,-1.043E-03
-1.2924E-06,-5.551E-04
-1.2920E-06,-8.480E-04
-1.2916E-06,-5.551E-04
-1.2912E-06,-5.551E-04
-1.2908E-06,-8.480E-04
-1.2904E-06,-4.574E-04
-1.2900E-06,-8.480E-04
-1.2896E-06,-1.043E-03
-1.2892E-06,-1.141E-03
-1.2888E-06,-1.043E-03
-1.2884E-06,-8.480E-04
-1.2880E-06,-7.504E-04
-1.2876E-06,-5.551E-04
-1.2872E-06,-7.504E-04
-1.2868E-06,-6.527E-04
-1.2864E-06,-5.551E-04
-1.2860E-06,-4.574E-04
-1.2856E-06,-7.504E-04
-1.2852E-06,-8.480E-04
-1.2848E-06,-5.551E-04
-1.2844E-06,-7.504E-04
-1.2840E-06,-4.574E-04
-1.2836E-06,-8.480E-04
-1.2832E-06,-5.551E-04
-1.2828E-06,-9.457E-04
-1.2824E-06,-7.504E-04
-1.2820E-06,-8.480E-04
-1.2816E-06,-1.043E-03
-1.2812E-06,-9.457E-04
-1.2808E-06,-8.480E-04
-1.2804E-06,-6.527E-04
-1.2800E-06,-5.551E-04
-1.2796E-06,-5.551E-04
-1.2792E-06,-9.457E-04
-1.2788E-06,-6.527E-04
-1.2784E-06,-9.457E-04
-1.2780E-06,-8.480E-04
-1.2776E-06,-5.551E-04
-1.2772E-06,-1.043E-03
-1.2768E-06,-7.504E-04
-1.2764E-06,-5.551E-04
-1.2760E-06,-9.457E-04
-1.2756E-06,-7.504E-04
-1.2752E-06,-8.480E-04
-1.2748E-06,-1.043E-03
-1.2744E-06,-9.457E-04
-1.2740E-06,-1.141E-03
-1.2736E-06,-4.574E-04
-1.2732E-06,-9.457E-04
-1.2728E-06,-8.480E-04
-1.2724E-06,-1.239E-03
-1.2720E-06,-9.457E-04
-1.2716E-06,-1.239E-03
-1.2712E-06,-1.043E-03
-1.2708E-06,-4.574E-04
-1.2704E-06,-6.527E-04
-1.2700E-06,-4.574E-04
-1.2696E-06,-6.527E-04
-1.2692E-06,-7.504E-04
-1.2688E-06,-1.141E-03
-1.2684E-06,-7.504E-04
-1.2680E-06,-4.574E-04
-1.2676E-06,-1.141E-03
-1.2672E-06,-8.480E-04
-1.2668E-06,-8.480E-04
-1.2664E-06,-6.527E-04
-1.2660E-06,-1.141E-03
-1.2656E-06,-8.480E-04
-1.2652E-06,-8.480E-04
-1.2648E-06,-5.551E-04
-1.2644E-06,-3.598E-04
-1.2640E-06,-1.043E-03
-1.2636E-06,-4.574E-04
-1.2632E-06,-1.141E-03
-1.2628E-06,-1.043E-03
-1.2624E-06,-8.480E-04
-1.2620E-06,-5.551E-04
-1.2616E-06,-5.551E-04
-1.2612E-06,-8.480E-04
-1.2608E-06,-8.480E-04
-1.2604E-06,-8.480E-04
-1.2600E-06,-6.527E-04
-1.2596E-06,-8.480E-04
-1.2592E-06,-1.141E-03
-1.2588E-06,-1.645E-04
-1.2584E-06,-6.527E-04
-1.2580E-06,-9.457E-04
-1.2576E-06,-1.239E-03
-1.2572E-06,-9.457E-04
-1.2568E-06,-8.480E-04
-1.2564E-06,-8.480E-04
-1.2560E-06,-5.551E-04
-1.2556E-06,-6.527E-04
-1.2552E-06,-5.551E-04
-1.2548E-06,-9.457E-04
-1.2544E-06,-1.239E-03
-1.2540E-06,-1.141E-03
-1.2536E-06,-9.457E-04
-1.2532E-06,-1.141E-03
-1.2528E-06,-8.480E-04
-1.2524E-06,-6.527E-04
-1.2520E-06,-6.527E-04
-1.2516E-06,-5.551E-04
-1.2512E-06,-4.574E-04
-1.2508E-06,-8.480E-04
-1.2504E-06,-9.457E-04
-1.2500E-06,-1.043E-03
-1.2496E-06,-1.043E-03
-1.2492E-06,-1.043E-03
-1.2488E-06,-7.504E-04
-1.2484E-06,-8.480E-04
-1.2480E-06,-7.504E-04
-1.2476E-06,-6.680E-05
-1.2472E-06,-1.141E-03
-1.2468E-06,-9.457E-04
-1.2464E-06,-1.141E-03
-1.2460E-06,-9.457E-04
-1.2456E-06,-6.527E-04
-1.2452E-06,-8.480E-04
-1.2448E-06,-4.574E-04
-1.2444E-06,-8.480E-04
-1.2440E-06,-9.457E-04
-1.2436E-06,-8.480E-04
-1.2432E-06,-8.480E-04
-1.2428E-06,-5.551E-04
-1.2424E-06,-1.043E-03
-1.2420E-06,-9.457E-04
-1.2416E-06,-7.504E-04
-1.2412E-06,-7.504E-04
-1.2408E-06,-3.598E-04
-1.2404E-06,-9.457E-04
-1.2400E-06,-6.527E-04
-1.2396E-06,-8.480E-04
-1.2392E-06,-6.527E-04
-1.2388E-06,-5.551E-04
-1.2384E-06,-8.480E-04
-1.2380E-06,-5.551E-04
-1.2376E-06,-9.457E-04
-1.2372E-06,-1.043E-03
-1.2368E-06,-9.457E-04
-1.2364E-06,-5.551E-04
-1.2360E-06,-6.527E-04
-1.2356E-06,-5.551E-04
-1.2352E-06,-8.480E-04
-1.2348E-06,-5.551E-04
-1.2344E-06,-5.551E-04
-1.2340E-06,-5.551E-04
-1.2336E-06,-1.239E-03
-1.2332E-06,-6.527E-04
-1.2328E-06,-5.551E-04
-1.2324E-06,-4.574E-04
-1.2320E-06,-8.480E-04
-1.2316E-06,-7.504E-04
-1.2312E-06,-6.527E-04
-1.2308E-06,-7.504E-04
-1.2304E-06,-1.645E-04
-1.2300E-06,-4.574E-04
-1.2296E-06,-5.551E-04
-1.2292E-06,-4.574E-04
-1.2288E-06,-1.141E-03
-1.2284E-06,-9.457E-04
-1.2280E-06,-7.504E-04
-1.2276E-06,-1.043E-03
-1.2272E-06,-1.043E-03
-1.2268E-06,-4.574E-04
-1.2264E-06,-7.504E-04
-1.2260E-06,-1.043E-03
-1.2256E-06,-7.504E-04
-1.2252E-06,-8.480E-04
-1.2248E-06,-7.504E-04
-1.2244E-06,-7.504E-04
-1.2240E-06,-6.527E-04
-1.2236E-06,-7.504E-04
-1.2232E-06,-4.574E-04
-1.2228E-06,-8.480E-04
-1.2224E-06,-5.551E-04
-1.2220E-06,-6.680E-05
-1.2216E-06,-7.504E-04
-1.2212E-06,-1.141E-03
-1.2208E-06,-1.141E-03
-1.2204E-06,-9.457E-04
-1.2200E-06,-1.043E-03
-1.2196E-06,-6.527E-04
-1.2192E-06,-8.480E-04
-1.2188E-06,-6.527E-04
-1.2184E-06,-9.457E-04
-1.2180E-06,-5.551E-04
-1.2176E-06,-7.504E-04
-1.2172E-06,-8.480E-04
-1.2168E-06,-7.504E-04
-1.2164E-06,-8.480E-04
-1.2160E-06,-1.141E-03
-1.2156E-06,-9.457E-04
-1.2152E-06,-6.527E-04
-1.2148E-06,-9.457E-04
-1.2144E-06,-9.457E-04
-1.2140E-06,-4.574E-04
-1.2136E-06,-8.480E-04
-1.2132E-06,-9.457E-04
-1.2128E-06,-1.141E-03
-1.2124E-06,-8.480E-04
-1.2120E-06,-1.043E-03
-1.2116E-06,-8.480E-04
-1.2112E-06,-3.598E-04
-1.2108E-06,-6.527E-04
-1.2104E-06,-7.504E-04
-1.2100E-06,-9.457E-04
-1.2096E-06,-7.504E-04
-1.2092E-06,-9.457E-04
-1.2088E-06,-9.457E-04
-1.2084E-06,-9.457E-04
-1.2080E-06,-1.141E-03
-1.2076E-06,-8.480E-04
-1.2072E-06,-1.043E-03
-1.2068E-06,-1.043E-03
-1.2064E-06,-9.457E-04
-1.2060E-06,-5.551E-04
-1.2056E-06,-1.239E-03
-1.2052E-06,-1.141E-03
-1.2048E-06,-1.043E-03
-1.2044E-06,-1.239E-03
-1.2040E-06,-5.551E-04
-1.2036E-06,-3.598E-04
-1.2032E-06,-1.043E-03
-1.2028E-06,-8.480E-04
-1.2024E-06,-7.504E-04
-1.2020E-06,-6.527E-04
-1.2016E-06,-1.043E-03
-1.2012E-06,-9.457E-04
-1.2008E-06,-6.527E-04
-1.2004E-06,-8.480E-04
-1.2000E-06,-4.574E-04
-1.1996E-06,-2.621E-04
-1.1992E-06,-6.527E-04
-1.1988E-06,-8.480E-04
-1.1984E-06,-6.527E-04
-1.1980E-06,-8.480E-04
-1.1976E-06,-8.480E-04
-1.1972E-06,-6.527E-04
-1.1968E-06,-1.043E-03
-1.1964E-06,-9.457E-04
-1.1960E-06,-8.480E-04
-1.1956E-06,-1.141E-03
-1.1952E-06,-6.527E-04
-1.1948E-06,-6.527E-04
-1.1944E-06,-1.043E-03
-1.1940E-06,-8.480E-04
-1.1936E-06,-5.551E-04
-1.1932E-06,-7.504E-04
-1.1928E-06,-8.480E-04
-1.1924E-06,-6.527E-04
-1.1920E-06,-1.043E-03
-1.1916E-06,-5.551E-04
-1.1912E-06,-1.043E-03
-1.1908E-06,-1.043E-03
-1.1904E-06,-9.457E-04
-1.1900E-06,-5.551E-04
-1.1896E-06,-8.480E-04
-1.1892E-06,-1.141E-03
-1.1888E-06,-5.551E-04
-1.1884E-06,-8.480E-04
-1.1880E-06,1.285E-04
-1.1876E-06,-4.574E-04
-1.1872E-06,-8.480E-04
-1.1868E-06,-7.504E-04
-1.1864E-06,-9.457E-04
-1.1860E-06,-9.457E-04
-1.1856E-06,-7.504E-04
-1.1852E-06,-1.043E-03
-1.1848E-06,-2.621E-04
-1.1844E-06,-8.480E-04
-1.1840E-06,-9.457E-04
-1.1836E-06,-7.504E-04
-1.1832E-06,-6.527E-04
-1.1828E-06,-3.598E-04
-1.1824E-06,-5.551E-04
-1.1820E-06,-8.480E-04
-1.1816E-06,-9.457E-04
-1.1812E-06,-5.551E-04
-1.1808E-06,-8.480E-04
-1.1804E-06,-5.551E-04
-1.1800E-06,-7.504E-04
-1.1796E-06,-8.480E-04
-1.1792E-06,-7.504E-04
-1.1788E-06,-1.043E-03
-1.1784E-06,-8.480E-04
-1.1780E-06,-7.504E-04
-1.1776E-06,-7.504E-04
-1.1772E-06,-8.480E-04
-1.1768E-06,-8.480E-04
-1.1764E-06,-9.457E-04
-1.1760E-06,-2.621E-04
-1.1756E-06,-4.574E-04
-1.1752E-06,-7.504E-04
-1.1748E-06,-8.480E-04
-1.1744E-06,-7.504E-04
-1.1740E-06,-8.480E-04
-1.1736E-06,-8.480E-04
-1.1732E-06,-5.551E-04
-1.1728E-06,-8.480E-04
-1.1724E-06,-7.504E-04
-1.1720E-06,-8.480E-04
-1.1716E-06,-1.141E-03
-1.1712E-06,-1.043E-03
-1.1708E-06,-8.480E-04
-1.1704E-06,-7.504E-04
-1.1700E-06,-8.480E-04
-1.1696E-06,-8.480E-04
-1.1692E-06,-6.527E-04
-1.1688E-06,-4.574E-04
-1.1684E-06,-5.551E-04
-1.1680E-06,-8.480E-04
-1.1676E-06,-4.574E-04
-1.1672E-06,-9.457E-04
-1.1668E-06,-3.598E-04
-1.1664E-06,-6.527E-04
-1.1660E-06,-6.527E-04
-1.1656E-06,-8.480E-04
-1.1652E-06,-6.527E-04
-1.1648E-06,-6.527E-04
-1.1644E-06,-9.457E-04
-1.1640E-06,-9.457E-04
-1.1636E-06,-1.141E-03
-1.1632E-06,-9.457E-04
-1.1628E-06,-8.480E-04
-1.1624E-06,-7.504E-04
-1.1620E-06,-5.551E-04
-1.1616E-06,-5.551E-04
-1.1612E-06,-2.621E-04
-1.1608E-06,-8.480E-04
-1.1604E-06,-6.527E-04
-1.1600E-06,-5.551E-04
-1.1596E-06,-8.480E-04
-1.1592E-06,-9.457E-04
-1.1588E-06,-1.239E-03
-1.1584E-06,-1.043E-03
-1.1580E-06,-4.574E-04
-1.1576E-06,-9.457E-04
-1.1572E-06,-7.504E-04
-1.1568E-06,-6.527E-04
-1.1564E-06,-4.574E-04
-1.1560E-06,-4.574E-04
-1.1556E-06,-5.551E-04
-1.1552E-06,-9.457E-04
-1.1548E-06,-9.457E-04
-1.1544E-06,-1.239E-03
-1.1540E-06,-9.457E-04
-1.1536E-06,-9.457E-04
-1.1532E-06,-7.504E-04
-1.1528E-06,-6.527E-04
-1.1524E-06,-9.457E-04
-1.1520E-06,-4.574E-04
-1.1516E-06,-4.574E-04
-1.1512E-06,-8.480E-04
-1.1508E-06,-5.551E-04
-1.1504E-06,-5.551E-04
-1.1500E-06,-9.457E-04
-1.1496E-06,-8.480E-04
-1.1492E-06,-1.141E-03
-1.1488E-06,-8.480E-04
-1.1484E-06,-5.551E-04
-1.1480E-06,-1.141E-03
-1.1476E-06,-8.480E-04
-1.1472E-06,-2.621E-04
-1.1468E-06,-4.574E-04
-1.1464E-06,-5.551E-04
-1.1460E-06,-8.480E-04
-1.1456E-06,-8.480E-04
-1.1452E-06,-8.480E-04
-1.1448E-06,-8.480E-04
-1.1444E-06,-1.434E-03
-1.1440E-06,-9.457E-04
-1.1436E-06,-2.621E-04
-1.1432E-06,-6.527E-04
-1.1428E-06,-5.551E-04
-1.1424E-06,-5.551E-04
-1.1420E-06,-7.504E-04
-1.1416E-06,-8.480E-04
-1.1412E-06,-8.480E-04
-1.1408E-06,-8.480E-04
-1.1404E-06,-8.480E-04
-1.1400E-06,-7.504E-04
-1.1396E-06,-7.504E-04
-1.1392E-06,-7.504E-04
-1.1388E-06,-7.504E-04
-1.1384E-06,-9.457E-04
-1.1380E-06,-1.043E-03
-1.1376E-06,-8.480E-04
-1.1372E-06,-2.621E-04
-1.1368E-06,-5.551E-04
-1.1364E-06,-4.574E-04
-1.1360E-06,-7.504E-04
-1.1356E-06,-9.457E-04
-1.1352E-06,-1.141E-03
-1.1348E-06,-6.527E-04
-1.1344E-06,-1.043E-03
-1.1340E-06,-7.504E-04
-1.1336E-06,-2.621E-04
-1.1332E-06,-9.457E-04
-1.1328E-06,-6.527E-04
-1.1324E-06,-4.574E-04
-1.1320E-06,-5.551E-04
-1.1316E-06,-3.598E-04
-1.1312E-06,-5.551E-04
-1.1308E-06,-6.527E-04
-1.1304E-06,-9.457E-04
-1.1300E-06,-6.527E-04
-1.1296E-06,-9.457E-04
-1.1292E-06,-1.043E-03
-1.1288E-06,-7.504E-04
-1.1284E-06,-4.574E-04
-1.1280E-06,-6.527E-04
-1.1276E-06,-4.574E-04
-1.1272E-06,-4.574E-04
-1.1268E-06,-7.504E-04
-1.1264E-06,-5.551E-04
-1.1260E-06,-5.551E-04
-1.1256E-06,-5.551E-04
-1.1252E-06,-1.141E-03
-1.1248E-06,-7.504E-04
-1.1244E-06,-6.527E-04
-1.1240E-06,-4.574E-04
-1.1236E-06,-3.598E-04
-1.1232E-06,-8.480E-04
-1.1228E-06,-5.551E-04
-1.1224E-06,-5.551E-04
-1.1220E-06,-5.551E-04
-1.1216E-06,-6.527E-04
-1.1212E-06,-1.645E-04
-1.1208E-06,-7.504E-04
-1.1204E-06,-7.504E-04
-1.1200E-06,-8.480E-04
-1.1196E-06,-8.480E-04
-1.1192E-06,-6.527E-04
-1.1188E-06,-8.480E-04
-1.1184E-06,-2.621E-04
-1.1180E-06,-1.645E-04
-1.1176E-06,-3.598E-04
-1.1172E-06,-5.551E-04
-1.1168E-06,-7.504E-04
-1.1164E-06,-4.574E-04
-1.1160E-06,-3.598E-04
-1.1156E-06,-1.239E-03
-1.1152E-06,-5.551E-04
-1.1148E-06,-5.551E-04
-1.1144E-06,-4.574E-04
-1.1140E-06,-5.551E-04
-1.1136E-06,-7.504E-04
-1.1132E-06,-6.527E-04
-1.1128E-06,-7.504E-04
-1.1124E-06,-1.336E-03
-1.1120E-06,-1.141E-03
-1.1116E-06,-8.480E-04
-1.1112E-06,-5.551E-04
-1.1108E-06,-6.527E-04
-1.1104E-06,-8.480E-04
-1.1100E-06,-5.551E-04
-1.1096E-06,-7.504E-04
-1.1092E-06,-8.480E-04
-1.1088E-06,-3.598E-04
-1.1084E-06,-1.645E-04
-1.1080E-06,-5.551E-04
-1.1076E-06,-5.551E-04
-1.1072E-06,-9.457E-04
-1.1068E-06,-5.551E-04
-1.1064E-06,-5.551E-04
-1.1060E-06,-8.480E-04
-1.1056E-06,-1.043E-03
-1.1052E-06,-8.480E-04
-1.1048E-06,-5.551E-04
-1.1044E-06,-6.527E-04
-1.1040E-06,-9.457E-04
-1.1036E-06,-8.480E-04
-1.1032E-06,-1.141E-03
-1.1028E-06,-9.457E-04
-1.1024E-06,-8.480E-04
-1.1020E-06,-7.504E-04
-1.1016E-06,-8.480E-04
-1.1012E-06,-7.504E-04
-1.1008E-06,-1.043E-03
-1.1004E-06,-7.504E-04
-1.1000E-06,-8.480E-04
-1.0996E-06,-7.504E-04
-1.0992E-06,-8.480E-04
-1.0988E-06,-7.504E-04
-1.0984E-06,-5.551E-04
-1.0980E-06,-5.551E-04
-1.0976E-06,-7.504E-04
-1.0972E-06,-3.598E-04
-1.0968E-06,-7.504E-04
-1.0964E-06,-7.504E-04
-1.0960E-06,-5.551E-04
-1.0956E-06,-9.457E-04
-1.0952E-06,-7.504E-04
-1.0948E-06,-9.457E-04
-1.0944E-06,-5.551E-04
-1.0940E-06,-5.551E-04
-1.0936E-06,-8.480E-04
-1.0932E-06,-7.504E-04
-1.0928E-06,-5.551E-04
-1.0924E-06,-5.551E-04
-1.0920E-06,-8.480E-04
-1.0916E-06,-1.239E-03
-1.0912E-06,-5.551E-04
-1.0908E-06,-8.480E-04
-1.0904E-06,-1.043E-03
-1.0900E-06,-9.457E-04
-1.0896E-06,-8.480E-04
-1.0892E-06,-4.574E-04
-1.0888E-06,-3.598E-04
-1.0884E-06,-8.480E-04
-1.0880E-06,-2.621E-04
-1.0876E-06,-1.645E-04
-1.0872E-06,-1.043E-03
-1.0868E-06,-7.504E-04
-1.0864E-06,-9.457E-04
-1.0860E-06,-8.480E-04
-1.0856E-06,-8.480E-04
-1.0852E-06,-1.043E-03
-1.0848E-06,-8.480E-04
-1.0844E-06,-5.551E-04
-1.0840E-06,-6.527E-04
-1.0836E-06,-4.574E-04
-1.0832E-06,-8.480E-04
-1.0828E-06,-7.504E-04
-1.0824E-06,-4.574E-04
-1.0820E-06,-5.551E-04
-1.0816E-06,-7.504E-04
-1.0812E-06,-1.043E-03
-1.0808E-06,-1.239E-03
-1.0804E-06,-9.457E-04
-1.0800E-06,-9.457E-04
-1.0796E-06,-7.504E-04
-1.0792E-06,-3.598E-04
-1.0788E-06,-4.574E-04
-1.0784E-06,-8.480E-04
-1.0780E-06,-6.527E-04
-1.0776E-06,-8.480E-04
-1.0772E-06,-6.527E-04
-1.0768E-06,-3.598E-04
-1.0764E-06,-5.551E-04
-1.0760E-06,-4.574E-04
-1.0756E-06,-9.457E-04
-1.0752E-06,-1.141E-03
-1.0748E-06,-7.504E-04
-1.0744E-06,-8.480E-04
-1.0740E-06,-6.527E-04
-1.0736E-06,-5.551E-04
-1.0732E-06,-5.551E-04
-1.0728E-06,-6.527E-04
-1.0724E-06,-7.504E-04
-1.0720E-06,-6.527E-04
-1.0716E-06,-8.480E-04
-1.0712E-06,-8.480E-04
-1.0708E-06,-8.480E-04
-1.0704E-06,-7.504E-04
-1.0700E-06,-9.457E-04
-1.0696E-06,-9.457E-04
-1.0692E-06,-9.457E-04
-1.0688E-06,-5.551E-04
-1.0684E-06,-4.574E-04
-1.0680E-06,-8.480E-04
-1.0676E-06,-5.551E-04
-1.0672E-06,-5.551E-04
-1.0668E-06,-6.527E-04
-1.0664E-06,-8.480E-04
-1.0660E-06,-8.480E-04
-1.0656E-06,-1.239E-03
-1.0652E-06,-5.551E-04
-1.0648E-06,-7.504E-04
-1.0644E-06,-6.527E-04
-1.0640E-06,-1.141E-03
-1.0636E-06,-5.551E-04
-1.0632E-06,-2.621E-04
-1.0628E-06,-7.504E-04
-1.0624E-06,-6.527E-04
-1.0620E-06,-7.504E-04
-1.0616E-06,-8.480E-04
-1.0612E-06,-7.504E-04
-1.0608E-06,-7.504E-04
-1.0604E-06,-5.551E-04
-1.0600E-06,-2.621E-04
-1.0596E-06,-8.480E-04
-1.0592E-06,-5.551E-04
-1.0588E-06,-5.551E-04
-1.0584E-06,-9.457E-04
-1.0580E-06,-8.480E-04
-1.0576E-06,-5.551E-04
-1.0572E-06,-8.480E-04
-1.0568E-06,-9.457E-04
-1.0564E-06,-1.239E-03
-1.0560E-06,-8.480E-04
-1.0556E-06,-7.504E-04
-1.0552E-06,-5.551E-04
-1.0548E-06,-5.551E-04
-1.0544E-06,-8.480E-04
-1.0540E-06,-6.527E-04
-1.0536E-06,-5.551E-04
-1.0532E-06,-1.239E-03
-1.0528E-06,-7.504E-04
-1.0524E-06,-6.527E-04
-1.0520E-06,-1.043E-03
-1.0516E-06,-1.141E-03
-1.0512E-06,-8.480E-04
-1.0508E-06,-7.504E-04
-1.0504E-06,-8.480E-04
-1.0500E-06,-9.457E-04
-1.0496E-06,-4.574E-04
-1.0492E-06,-9.457E-04
-1.0488E-06,-6.527E-04
-1.0484E-06,-8.480E-04
-1.0480E-06,-9.457E-04
-1.0476E-06,-7.504E-04
-1.0472E-06,-3.598E-04
-1.0468E-06,-7.504E-04
-1.0464E-06,-6.527E-04
-1.0460E-06,-5.551E-04
-1.0456E-06,-7.504E-04
-1.0452E-06,-5.551E-04
-1.0448E-06,-8.480E-04
-1.0444E-06,-5.551E-04
-1.0440E-06,-3.598E-04
-1.0436E-06,-6.527E-04
-1.0432E-06,-6.527E-04
-1.0428E-06,-6.527E-04
-1.0424E-06,-3.598E-04
-1.0420E-06,-4.574E-04
-1.0416E-06,-2.621E-04
-1.0412E-06,-5.551E-04
-1.0408E-06,-5.551E-04
-1.0404E-06,-8.480E-04
-1.0400E-06,-8.480E-04
-1.0396E-06,-7.504E-04
-1.0392E-06,-9.457E-04
-1.0388E-06,-8.480E-04
-1.0384E-06,-7.504E-04
-1.0380E-06,-8.480E-04
-1.0376E-06,-5.551E-04
-1.0372E-06,-8.480E-04
-1.0368E-06,-9.457E-04
-1.0364E-06,-5.551E-04
-1.0360E-06,-3.598E-04
-1.0356E-06,-7.504E-04
-1.0352E-06,-1.141E-03
-1.0348E-06,-6.527E-04
-1.0344E-06,-4.574E-04
-1.0340E-06,-8.480E-04
-1.0336E-06,-6.527E-04
-1.0332E-06,-1.043E-03
-1.0328E-06,-2.621E-04
-1.0324E-06,-6.527E-04
-1.0320E-06,-5.551E-04
-1.0316E-06,-3.598E-04
-1.0312E-06,-2.621E-04
-1.0308E-06,-4.574E-04
-1.0304E-06,-7.504E-04
-1.0300E-06,-5.551E-04
-1.0296E-06,-5.551E-04
-1.0292E-06,-7.504E-04
-1.0288E-06,-2.621E-04
-1.0284E-06,-5.551E-04
-1.0280E-06,-2.621E-04
-1.0276E-06,-1.043E-03
-1.0272E-06,-6.527E-04
-1.0268E-06,-6.527E-04
-1.0264E-06,-8.480E-04
-1.0260E-06,-3.598E-04
-1.0256E-06,-1.645E-04
-1.0252E-06,-7.504E-04
-1.0248E-06,-4.574E-04
-1.0244E-06,-9.457E-04
-1.0240E-06,-5.551E-04
-1.0236E-06,-5.551E-04
-1.0232E-06,-8.480E-04
-1.0228E-06,-5.551E-04
-1.0224E-06,-6.527E-04
-1.0220E-06,-8.480E-04
-1.0216E-06,-5.551E-04
-1.0212E-06,-5.551E-04
-1.0208E-06,-6.527E-04
-1.0204E-06,-4.574E-04
-1.0200E-06,-9.457E-04
-1.0196E-06,-8.480E-04
-1.0192E-06,-5.551E-04
-1.0188E-06,-8.480E-04
-1.0184E-06,-5.551E-04
-1.0180E-06,-7.504E-04
-1.0176E-06,-5.551E-04
-1.0172E-06,-5.551E-04
-1.0168E-06,-5.551E-04
-1.0164E-06,-4.574E-04
-1.0160E-06,-8.480E-04
-1.0156E-06,-7.504E-04
-1.0152E-06,-9.457E-04
-1.0148E-06,-4.574E-04
-1.0144E-06,-6.527E-04
-1.0140E-06,-9.457E-04
-1.0136E-06,-7.504E-04
-1.0132E-06,-2.621E-04
-1.0128E-06,-5.551E-04
-1.0124E-06,-6.527E-04
-1.0120E-06,-6.527E-04
-1.0116E-06,-6.527E-04
-1.0112E-06,-2.621E-04
-1.0108E-06,-6.527E-04
-1.0104E-06,-7.504E-04
-1.0100E-06,-8.480E-04
-1.0096E-06,-6.527E-04
-1.0092E-06,-4.574E-04
-1.0088E-06,-4.574E-04
-1.0084E-06,-9.457E-04
-1.0080E-06,-3.598E-04
-1.0076E-06,-5.551E-04
-1.0072E-06,-7.504E-04
-1.0068E-06,-7.504E-04
-1.0064E-06,-9.457E-04
-1.0060E-06,-7.504E-04
-1.0056E-06,-6.527E-04
-1.0052E-06,-7.504E-04
-1.0048E-06,-5.551E-04
-1.0044E-06,-3.598E-04
-1.0040E-06,-5.551E-04
-1.0036E-06,-6.527E-04
-1.0032E-06,-6.527E-04
-1.0028E-06,-1.645E-04
-1.0024E-06,-3.598E-04
-1.0020E-06,-7.504E-04
-1.0016E-06,-4.574E-04
-1.0012E-06,-6.527E-04
-1.0008E-06,-8.480E-04
-1.0004E-06,-8.480E-04
-1.0000E-06,-9.457E-04
-9.9960E-07,-7.504E-04
-9.9920E-07,-5.551E-04
-9.9880E-07,-7.504E-04
-9.9840E-07,-7.504E-04
-9.9800E-07,-5.551E-04
-9.9760E-07,-4.574E-04
-9.9720E-07,-7.504E-04
-9.9680E-07,-1.043E-03
-9.9640E-07,-8.480E-04
-9.9600E-07,-3.598E-04
-9.9560E-07,-7.504E-04
-9.9520E-07,-8.480E-04
-9.9480E-07,-2.621E-04
-9.9440E-07,-6.527E-04
-9.9400E-07,-1.043E-03
-9.9360E-07,-7.504E-04
-9.9320E-07,-4.574E-04
-9.9280E-07,-4.574E-04
-9.9240E-07,-5.551E-04
-9.9200E-07,-7.504E-04
-9.9160E-07,-5.551E-04
-9.9120E-07,-5.551E-04
-9.9080E-07,-1.434E-03
-9.9040E-07,-8.480E-04
-9.9000E-07,-7.504E-04
-9.8960E-07,-4.574E-04
-9.8920E-07,-7.504E-04
-9.8880E-07,-1.141E-03
-9.8840E-07,-6.527E-04
-9.8800E-07,-5.551E-04
-9.8760E-07,-5.551E-04
-9.8720E-07,-4.574E-04
-9.8680E-07,-3.598E-04
-9.8640E-07,-4.574E-04
-9.8600E-07,-2.621E-04
-9.8560E-07,-5.551E-04
-9.8520E-07,-7.504E-04
-9.8480E-07,-1.043E-03
-9.8440E-07,-9.457E-04
-9.8400E-07,-9.457E-04
-9.8360E-07,-4.574E-04
-9.8320E-07,-2.621E-04
-9.8280E-07,-3.598E-04
-9.8240E-07,-6.527E-04
-9.8200E-07,-6.527E-04
-9.8160E-07,-2.621E-04
-9.8120E-07,-8.480E-04
-9.8080E-07,-8.480E-04
-9.8040E-07,-1.043E-03
-9.8000E-07,-9.457E-04
-9.7960E-07,-6.527E-04
-9.7920E-07,-3.598E-04
-9.7880E-07,-3.598E-04
-9.7840E-07,-6.527E-04
-9.7800E-07,-9.457E-04
-9.7760E-07,-5.551E-04
-9.7720E-07,-5.551E-04
-9.7680E-07,-5.551E-04
-9.7640E-07,-8.480E-04
-9.7600E-07,-8.480E-04
-9.7560E-07,-5.551E-04
-9.7520E-07,-6.527E-04
-9.7480E-07,-8.480E-04
-9.7440E-07,-1.239E-03
-9.7400E-07,-9.457E-04
-9.7360E-07,-6.527E-04
-9.7320E-07,-8.480E-04
-9.7280E-07,-7.504E-04
-9.7240E-07,-6.527E-04
-9.7200E-07,-5.551E-04
-9.7160E-07,-7.504E-04
-9.7120E-07,-9.457E-04
-9.7080E-07,-3.598E-04
-9.7040E-07,-9.457E-04
-9.7000E-07,-8.480E-04
-9.6960E-07,-8.480E-04
-9.6920E-07,-5.551E-04
-9.6880E-07,-5.551E-04
-9.6840E-07,-7.504E-04
-9.6800E-07,-8.480E-04
-9.6760E-07,-9.457E-04
-9.6720E-07,-5.551E-04
-9.6680E-07,-1.239E-03
-9.6640E-07,-5.551E-04
-9.6600E-07,-5.551E-04
-9.6560E-07,-8.480E-04
-9.6520E-07,-6.527E-04
-9.6480E-07,-8.480E-04
-9.6440E-07,-3.598E-04
-9.6400E-07,-1.141E-03
-9.6360E-07,-5.551E-04
-9.6320E-07,-9.457E-04
-9.6280E-07,-8.480E-04
-9.6240E-07,-7.504E-04
-9.6200E-07,-2.621E-04
-9.6160E-07,-3.598E-04
-9.6120E-07,-1.645E-04
-9.6080E-07,-5.551E-04
-9.6040E-07,-6.527E-04
-9.6000E-07,-1.141E-03
-9.5960E-07,-1.239E-03
-9.5920E-07,-9.457E-04
-9.5880E-07,-8.480E-04
-9.5840E-07,-7.504E-04
-9.5800E-07,-5.551E-04
-9.5760E-07,-7.504E-04
-9.5720E-07,-1.645E-04
-9.5680E-07,-7.504E-04
-9.5640E-07,-7.504E-04
-9.5600E-07,-7.504E-04
-9.5560E-07,-6.527E-04
-9.5520E-07,-9.457E-04
-9.5480E-07,-6.527E-04
-9.5440E-07,-6.527E-04
-9.5400E-07,-7.504E-04
-9.5360E-07,-5.551E-04
-9.5320E-07,-9.457E-04
-9.5280E-07,-1.336E-03
-9.5240E-07,-1.043E-03
-9.5200E-07,-5.551E-04
-9.5160E-07,-7.504E-04
-9.5120E-07,-8.480E-04
-9.5080E-07,-7.504E-04
-9.5040E-07,-6.527E-04
-9.5000E-07,-5.551E-04
-9.4960E-07,-3.598E-04
-9.4920E-07,-2.621E-04
-9.4880E-07,-8.480E-04
-9.4840E-07,-6.527E-04
-9.4800E-07,-8.480E-04
-9.4760E-07,-8.480E-04
-9.4720E-07,-5.551E-04
-9.4680E-07,-7.504E-04
-9.4640E-07,-8.480E-04
-9.4600E-07,-6.527E-04
-9.4560E-07,-1.141E-03
-9.4520E-07,-4.574E-04
-9.4480E-07,-9.457E-04
-9.4440E-07,-6.527E-04
-9.4400E-07,-8.480E-04
-9.4360E-07,-7.504E-04
-9.4320E-07,-5.551E-04
-9.4280E-07,-8.480E-04
-9.4240E-07,-4.574E-04
-9.4200E-07,-5.551E-04
-9.4160E-07,-8.480E-04
-9.4120E-07,-1.141E-03
-9.4080E-07,-4.574E-04
-9.4040E-07,-9.457E-04
-9.4000E-07,-6.527E-04
-9.3960E-07,-5.551E-04
-9.3920E-07,-7.504E-04
-9.3880E-07,-8.480E-04
-9.3840E-07,-5.551E-04
-9.3800E-07,-4.574E-04
-9.3760E-07,-8.480E-04
-9.3720E-07,-3.598E-04
-9.3680E-07,-5.551E-04
-9.3640E-07,-1.141E-03
-9.3600E-07,-6.527E-04
-9.3560E-07,-7.504E-04
-9.3520E-07,-4.574E-04
-9.3480E-07,-2.621E-04
-9.3440E-07,-9.457E-04
-9.3400E-07,-1.141E-03
-9.3360E-07,-5.551E-04
-9.3320E-07,-7.504E-04
-9.3280E-07,-2.621E-04
-9.3240E-07,-6.527E-04
-9.3200E-07,-7.504E-04
-9.3160E-07,-8.480E-04
-9.3120E-07,-8.480E-04
-9.3080E-07,-5.551E-04
-9.3040E-07,-1.239E-03
-9.3000E-07,-7.504E-04
-9.2960E-07,-2.621E-04
-9.2920E-07,-5.551E-04
-9.2880E-07,-8.480E-04
-9.2840E-07,-7.504E-04
-9.2800E-07,-7.504E-04
-9.2760E-07,-1.141E-03
-9.2720E-07,-1.043E-03
-9.2680E-07,-9.457E-04
-9.2640E-07,-9.457E-04
-9.2600E-07,-6.680E-05
-9.2560E-07,-5.551E-04
-9.2520E-07,-4.574E-04
-9.2480E-07,-6.527E-04
-9.2440E-07,-4.574E-04
-9.2400E-07,-5.551E-04
-9.2360E-07,-7.504E-04
-9.2320E-07,-8.480E-04
-9.2280E-07,-5.551E-04
-9.2240E-07,-4.574E-04
-9.2200E-07,-6.527E-04
-9.2160E-07,-1.239E-03
-9.2120E-07,-8.480E-04
-9.2080E-07,-5.551E-04
-9.2040E-07,-1.141E-03
-9.2000E-07,-9.457E-04
-9.1960E-07,-5.551E-04
-9.1920E-07,-4.574E-04
-9.1880E-07,-5.551E-04
-9.1840E-07,-1.141E-03
-9.1800E-07,-7.504E-04
-9.1760E-07,-8.480E-04
-9.1720E-07,-5.551E-04
-9.1680E-07,-8.480E-04
-9.1640E-07,-6.527E-04
-9.1600E-07,-5.551E-04
-9.1560E-07,-8.480E-04
-9.1520E-07,-1.043E-03
-9.1480E-07,-4.574E-04
-9.1440E-07,-6.527E-04
-9.1400E-07,-1.043E-03
-9.1360E-07,-1.043E-03
-9.1320E-07,-9.457E-04
-9.1280E-07,-5.551E-04
-9.1240E-07,-7.504E-04
-9.1200E-07,-7.504E-04
-9.1160E-07,-6.527E-04
-9.1120E-07,-9.457E-04
-9.1080E-07,-8.480E-04
-9.1040E-07,-8.480E-04
-9.1000E-07,-5.551E-04
-9.0960E-07,-5.551E-04
-9.0920E-07,-2.621E-04
-9.0880E-07,-7.504E-04
-9.0840E-07,-6.527E-04
-9.0800E-07,-8.480E-04
-9.0760E-07,-1.043E-03
-9.0720E-07,-9.457E-04
-9.0680E-07,-6.527E-04
-9.0640E-07,-5.551E-04
-9.0600E-07,-8.480E-04
-9.0560E-07,-8.480E-04
-9.0520E-07,-9.457E-04
-9.0480E-07,-1.043E-03
-9.0440E-07,-6.527E-04
-9.0400E-07,-4.574E-04
-9.0360E-07,-5.551E-04
-9.0320E-07,-6.527E-04
-9.0280E-07,-5.551E-04
-9.0240E-07,-9.457E-04
-9.0200E-07,-4.574E-04
-9.0160E-07,-5.551E-04
-9.0120E-07,-6.527E-04
-9.0080E-07,-8.480E-04
-9.0040E-07,-9.457E-04
-9.0000E-07,-6.527E-04
-8.9960E-07,-4.574E-04
-8.9920E-07,-8.480E-04
-8.9880E-07,-6.527E-04
-8.9840E-07,-7.504E-04
-8.9800E-07,-3.598E-04
-8.9760E-07,-1.141E-03
-8.9720E-07,-5.551E-04
-8.9680E-07,-7.504E-04
-8.9640E-07,-1.043E-03
-8.9600E-07,-9.457E-04
-8.9560E-07,-4.574E-04
-8.9520E-07,-7.504E-04
-8.9480E-07,-1.239E-03
-8.9440E-07,-7.504E-04
-8.9400E-07,-8.480E-04
-8.9360E-07,-1.141E-03
-8.9320E-07,-5.551E-04
-8.9280E-07,-6.527E-04
-8.9240E-07,-8.480E-04
-8.9200E-07,-1.043E-03
-8.9160E-07,-1.141E-03
-8.9120E-07,-7.504E-04
-8.9080E-07,-5.551E-04
-8.9040E-07,-3.598E-04
-8.9000E-07,-1.239E-03
-8.8960E-07,-1.141E-03
-8.8920E-07,-8.480E-04
-8.8880E-07,-5.551E-04
-8.8840E-07,-9.457E-04
-8.8800E-07,-9.457E-04
-8.8760E-07,-7.504E-04
-8.8720E-07,-1.141E-03
-8.8680E-07,-7.504E-04
-8.8640E-07,-5.551E-04
-8.8600E-07,-1.645E-04
-8.8560E-07,-9.457E-04
-8.8520E-07,-1.043E-03
-8.8480E-07,-4.574E-04
-8.8440E-07,-4.574E-04
-8.8400E-07,-3.598E-04
-8.8360E-07,-9.457E-04
-8.8320E-07,-6.527E-04
-8.8280E-07,-7.504E-04
-8.8240E-07,-9.457E-04
-8.8200E-07,-8.480E-04
-8.8160E-07,-5.551E-04
-8.8120E-07,-1.043E-03
-8.8080E-07,-7.504E-04
-8.8040E-07,-5.551E-04
-8.8000E-07,-8.480E-04
-8.7960E-07,-8.480E-04
-8.7920E-07,-9.457E-04
-8.7880E-07,-7.504E-04
-8.7840E-07,-5.551E-04
-8.7800E-07,-8.480E-04
-8.7760E-07,-7.504E-04
-8.7720E-07,-1.141E-03
-8.7680E-07,-8.480E-04
-8.7640E-07,-4.574E-04
-8.7600E-07,-1.239E-03
-8.7560E-07,-6.527E-04
-8.7520E-07,-8.480E-04
-8.7480E-07,-7.504E-04
-8.7440E-07,-5.551E-04
-8.7400E-07,-3.598E-04
-8.7360E-07,-8.480E-04
-8.7320E-07,-6.527E-04
-8.7280E-07,-7.504E-04
-8.7240E-07,-1.141E-03
-8.7200E-07,-8.480E-04
-8.7160E-07,-6.527E-04
-8.7120E-07,-5.551E-04
-8.7080E-07,-6.527E-04
-8.7040E-07,-1.043E-03
-8.7000E-07,-5.551E-04
-8.6960E-07,-5.551E-04
-8.6920E-07,-8.480E-04
-8.6880E-07,-5.551E-04
-8.6840E-07,-7.504E-04
-8.6800E-07,-8.480E-04
-8.6760E-07,-1.043E-03
-8.6720E-07,-8.480E-04
-8.6680E-07,-7.504E-04
-8.6640E-07,-9.457E-04
-8.6600E-07,-7.504E-04
-8.6560E-07,-3.598E-04
-8.6520E-07,-8.480E-04
-8.6480E-07,-1.434E-03
-8.6440E-07,-9.457E-04
-8.6400E-07,-7.504E-04
-8.6360E-07,-7.504E-04
-8.6320E-07,-5.551E-04
-8.6280E-07,-8.480E-04
-8.6240E-07,-7.504E-04
-8.6200E-07,-3.598E-04
-8.6160E-07,-3.598E-04
-8.6120E-07,-7.504E-04
-8.6080E-07,-1.141E-03
-8.6040E-07,-8.480E-04
-8.6000E-07,-6.527E-04
-8.5960E-07,-5.551E-04
-8.5920E-07,-4.574E-04
-8.5880E-07,-5.551E-04
-8.5840E-07,-7.504E-04
-8.5800E-07,-8.480E-04
-8.5760E-07,-4.574E-04
-8.5720E-07,-9.457E-04
-8.5680E-07,-5.551E-04
-8.5640E-07,-9.457E-04
-8.5600E-07,-8.480E-04
-8.5560E-07,-8.480E-04
-8.5520E-07,-7.504E-04
-8.5480E-07,-6.527E-04
-8.5440E-07,-8.480E-04
-8.5400E-07,-8.480E-04
-8.5360E-07,-9.457E-04
-8.5320E-07,-8.480E-04
-8.5280E-07,-5.551E-04
-8.5240E-07,-1.043E-03
-8.5200E-07,-5.551E-04
-8.5160E-07,-5.551E-04
-8.5120E-07,-5.551E-04
-8.5080E-07,-7.504E-04
-8.5040E-07,-1.043E-03
-8.5000E-07,-8.480E-04
-8.4960E-07,-9.457E-04
-8.4920E-07,-9.457E-04
-8.4880E-07,-5.551E-04
-8.4840E-07,-1.239E-03
-8.4800E-07,-1.141E-03
-8.4760E-07,-5.551E-04
-8.4720E-07,-8.480E-04
-8.4680E-07,-1.043E-03
-8.4640E-07,-7.504E-04
-8.4600E-07,-5.551E-04
-8.4560E-07,-9.457E-04
-8.4520E-07,-1.141E-03
-8.4480E-07,-8.480E-04
-8.4440E-07,-6.527E-04
-8.4400E-07,-9.457E-04
-8.4360E-07,-6.527E-04
-8.4320E-07,-2.621E-04
-8.4280E-07,-1.043E-03
-8.4240E-07,-8.480E-04
-8.4200E-07,-8.480E-04
-8.4160E-07,-2.621E-04
-8.4120E-07,-6.527E-04
-8.4080E-07,-9.457E-04
-8.4040E-07,-1.043E-03
-8.4000E-07,-6.527E-04
-8.3960E-07,-1.043E-03
-8.3920E-07,-9.457E-04
-8.3880E-07,-7.504E-04
-8.3840E-07,-8.480E-04
-8.3800E-07,-6.527E-04
-8.3760E-07,-6.527E-04
-8.3720E-07,-1.239E-03
-8.3680E-07,-8.480E-04
-8.3640E-07,-7.504E-04
-8.3600E-07,-4.574E-04
-8.3560E-07,-6.527E-04
-8.3520E-07,-8.480E-04
-8.3480E-07,-4.574E-04
-8.3440E-07,-4.574E-04
-8.3400E-07,-6.527E-04
-8.3360E-07,-9.457E-04
-8.3320E-07,-1.141E-03
-8.3280E-07,-5.551E-04
-8.3240E-07,-1.141E-03
-8.3200E-07,-6.527E-04
-8.3160E-07,-5.551E-04
-8.3120E-07,-1.141E-03
-8.3080E-07,-6.527E-04
-8.3040E-07,-5.551E-04
-8.3000E-07,-6.527E-04
-8.2960E-07,-6.527E-04
-8.2920E-07,-1.239E-03
-8.2880E-07,-8.480E-04
-8.2840E-07,-2.621E-04
-8.2800E-07,-9.457E-04
-8.2760E-07,-8.480E-04
-8.2720E-07,-7.504E-04
-8.2680E-07,-5.551E-04
-8.2640E-07,-2.621E-04
-8.2600E-07,-1.043E-03
-8.2560E-07,-9.457E-04
-8.2520E-07,-5.551E-04
-8.2480E-07,-8.480E-04
-8.2440E-07,-1.043E-03
-8.2400E-07,-8.480E-04
-8.2360E-07,-9.457E-04
-8.2320E-07,-8.480E-04
-8.2280E-07,-1.141E-03
-8.2240E-07,-9.457E-04
-8.2200E-07,-8.480E-04
-8.2160E-07,-8.480E-04
-8.2120E-07,-5.551E-04
-8.2080E-07,-8.480E-04
-8.2040E-07,-1.141E-03
-8.2000E-07,-5.551E-04
-8.1960E-07,-8.480E-04
-8.1920E-07,-7.504E-04
-8.1880E-07,-9.457E-04
-8.1840E-07,-6.527E-04
-8.1800E-07,-7.504E-04
-8.1760E-07,-5.551E-04
-8.1720E-07,-5.551E-04
-8.1680E-07,-4.574E-04
-8.1640E-07,-7.504E-04
-8.1600E-07,-9.457E-04
-8.1560E-07,-1.141E-03
-8.1520E-07,-8.480E-04
-8.1480E-07,-5.551E-04
-8.1440E-07,-8.480E-04
-8.1400E-07,-9.457E-04
-8.1360E-07,-1.141E-03
-8.1320E-07,-7.504E-04
-8.1280E-07,-1.043E-03
-8.1240E-07,-5.551E-04
-8.1200E-07,-1.239E-03
-8.1160E-07,-1.141E-03
-8.1120E-07,-7.504E-04
-8.1080E-07,-1.043E-03
-8.1040E-07,-5.551E-04
-8.1000E-07,-8.480E-04
-8.0960E-07,-6.527E-04
-8.0920E-07,-9.457E-04
-8.0880E-07,-1.043E-03
-8.0840E-07,-8.480E-04
-8.0800E-07,-5.551E-04
-8.0760E-07,-6.527E-04
-8.0720E-07,-3.598E-04
-8.0680E-07,-9.457E-04
-8.0640E-07,-8.480E-04
-8.0600E-07,-6.527E-04
-8.0560E-07,-7.504E-04
-8.0520E-07,-8.480E-04
-8.0480E-07,-9.457E-04
-8.0440E-07,-1.043E-03
-8.0400E-07,-8.480E-04
-8.0360E-07,-8.480E-04
-8.0320E-07,-1.141E-03
-8.0280E-07,-8.480E-04
-8.0240E-07,-1.141E-03
-8.0200E-07,-9.457E-04
-8.0160E-07,-9.457E-04
-8.0120E-07,-4.574E-04
-8.0080E-07,-6.527E-04
-8.0040E-07,-1.141E-03
-8.0000E-07,-7.504E-04
-7.9960E-07,-7.504E-04
-7.9920E-07,-9.457E-04
-7.9880E-07,-1.141E-03
-7.9840E-07,-8.480E-04
-7.9800E-07,-7.504E-04
-7.9760E-07,-9.457E-04
-7.9720E-07,-8.480E-04
-7.9680E-07,-9.457E-04
-7.9640E-07,-5.551E-04
-7.9600E-07,-5.551E-04
-7.9560E-07,-9.457E-04
-7.9520E-07,-7.504E-04
-7.9480E-07,-6.527E-04
-7.9440E-07,-8.480E-04
-7.9400E-07,-1.043E-03
-7.9360E-07,-8.480E-04
-7.9320E-07,-5.551E-04
-7.9280E-07,-6.527E-04
-7.9240E-07,-6.527E-04
-7.9200E-07,-9.457E-04
-7.9160E-07,-1.043E-03
-7.9120E-07,-5.551E-04
-7.9080E-07,-8.480E-04
-7.9040E-07,-1.141E-03
-7.9000E-07,-7.504E-04
-7.8960E-07,-1.043E-03
-7.8920E-07,-1.239E-03
-7.8880E-07,-1.141E-03
-7.8840E-07,-8.480E-04
-7.8800E-07,-9.457E-04
-7.8760E-07,-9.457E-04
-7.8720E-07,-8.480E-04
-7.8680E-07,-7.504E-04
-7.8640E-07,-5.551E-04
-7.8600E-07,-5.551E-04
-7.8560E-07,-1.043E-03
-7.8520E-07,-1.239E-03
-7.8480E-07,-9.457E-04
-7.8440E-07,-1.239E-03
-7.8400E-07,-7.504E-04
-7.8360E-07,-7.504E-04
-7.8320E-07,-8.480E-04
-7.8280E-07,-5.551E-04
-7.8240E-07,-6.527E-04
-7.8200E-07,-9.457E-04
-7.8160E-07,-1.043E-03
-7.8120E-07,-7.504E-04
-7.8080E-07,-1.239E-03
-7.8040E-07,-8.480E-04
-7.8000E-07,-9.457E-04
-7.7960E-07,-1.239E-03
-7.7920E-07,-5.551E-04
-7.7880E-07,-8.480E-04
-7.7840E-07,-3.598E-04
-7.7800E-07,-8.480E-04
-7.7760E-07,-2.621E-04
-7.7720E-07,-9.457E-04
-7.7680E-07,-8.480E-04
-7.7640E-07,-8.480E-04
-7.7600E-07,-5.551E-04
-7.7560E-07,-7.504E-04
-7.7520E-07,-3.598E-04
-7.7480E-07,-8.480E-04
-7.7440E-07,-1.043E-03
-7.7400E-07,-8.480E-04
-7.7360E-07,-9.457E-04
-7.7320E-07,-5.551E-04
-7.7280E-07,-1.043E-03
-7.7240E-07,-9.457E-04
-7.7200E-07,-8.480E-04
-7.7160E-07,-1.141E-03
-7.7120E-07,-9.457E-04
-7.7080E-07,-5.551E-04
-7.7040E-07,-9.457E-04
-7.7000E-07,-9.457E-04
-7.6960E-07,-1.043E-03
-7.6920E-07,-1.239E-03
-7.6880E-07,-9.457E-04
-7.6840E-07,-1.239E-03
-7.6800E-07,-1.043E-03
-7.6760E-07,-8.480E-04
-7.6720E-07,-1.043E-03
-7.6680E-07,-6.527E-04
-7.6640E-07,-8.480E-04
-7.6600E-07,-8.480E-04
-7.6560E-07,-5.551E-04
-7.6520E-07,-1.043E-03
-7.6480E-07,-1.141E-03
-7.6440E-07,-6.527E-04
-7.6400E-07,-9.457E-04
-7.6360E-07,-1.141E-03
-7.6320E-07,-4.574E-04
-7.6280E-07,-5.551E-04
-7.6240E-07,-8.480E-04
-7.6200E-07,-8.480E-04
-7.6160E-07,-8.480E-04
-7.6120E-07,-9.457E-04
-7.6080E-07,-1.141E-03
-7.6040E-07,-1.043E-03
-7.6000E-07,-1.336E-03
-7.5960E-07,-1.141E-03
-7.5920E-07,-1.141E-03
-7.5880E-07,-1.043E-03
-7.5840E-07,-6.527E-04
-7.5800E-07,-4.574E-04
-7.5760E-07,-8.480E-04
-7.5720E-07,-5.551E-04
-7.5680E-07,-5.551E-04
-7.5640E-07,-9.457E-04
-7.5600E-07,-9.457E-04
-7.5560E-07,-1.239E-03
-7.5520E-07,-1.239E-03
-7.5480E-07,-1.043E-03
-7.5440E-07,-8.480E-04
-7.5400E-07,-1.141E-03
-7.5360E-07,-1.043E-03
-7.5320E-07,-7.504E-04
-7.5280E-07,-9.457E-04
-7.5240E-07,-8.480E-04
-7.5200E-07,-8.480E-04
-7.5160E-07,-6.527E-04
-7.5120E-07,-1.336E-03
-7.5080E-07,-1.043E-03
-7.5040E-07,-7.504E-04
-7.5000E-07,-1.043E-03
-7.4960E-07,-7.504E-04
-7.4920E-07,-8.480E-04
-7.4880E-07,-1.043E-03
-7.4840E-07,-8.480E-04
-7.4800E-07,-1.043E-03
-7.4760E-07,-7.504E-04
-7.4720E-07,-1.043E-03
-7.4680E-07,-9.457E-04
-7.4640E-07,-6.527E-04
-7.4600E-07,-7.504E-04
-7.4560E-07,-8.480E-04
-7.4520E-07,-1.043E-03
-7.4480E-07,-9.457E-04
-7.4440E-07,-1.043E-03
-7.4400E-07,-1.141E-03
-7.4360E-07,-1.043E-03
-7.4320E-07,-5.551E-04
-7.4280E-07,-6.527E-04
-7.4240E-07,-5.551E-04
-7.4200E-07,-5.551E-04
-7.4160E-07,-1.336E-03
-7.4120E-07,-6.527E-04
-7.4080E-07,-1.043E-03
-7.4040E-07,-8.480E-04
-7.4000E-07,-7.504E-04
-7.3960E-07,-1.336E-03
-7.3920E-07,-1.043E-03
-7.3880E-07,-9.457E-04
-7.3840E-07,-1.043E-03
-7.3800E-07,-1.043E-03
-7.3760E-07,-4.574E-04
-7.3720E-07,-9.457E-04
-7.3680E-07,-8.480E-04
-7.3640E-07,-1.043E-03
-7.3600E-07,-1.043E-03
-7.3560E-07,-5.551E-04
-7.3520E-07,-9.457E-04
-7.3480E-07,-7.504E-04
-7.3440E-07,-1.239E-03
-7.3400E-07,-8.480E-04
-7.3360E-07,-9.457E-04
-7.3320E-07,-7.504E-04
-7.3280E-07,-8.480E-04
-7.3240E-07,-9.457E-04
-7.3200E-07,-8.480E-04
-7.3160E-07,-1.043E-03
-7.3120E-07,-1.141E-03
-7.3080E-07,-1.141E-03
-7.3040E-07,-1.141E-03
-7.3000E-07,-1.141E-03
-7.2960E-07,-7.504E-04
-7.2920E-07,-8.480E-04
-7.2880E-07,-5.551E-04
-7.2840E-07,-1.239E-03
-7.2800E-07,-9.457E-04
-7.2760E-07,-1.141E-03
-7.2720E-07,-1.043E-03
-7.2680E-07,-1.141E-03
-7.2640E-07,-8.480E-04
-7.2600E-07,-8.480E-04
-7.2560E-07,-9.457E-04
-7.2520E-07,-9.457E-04
-7.2480E-07,-1.141E-03
-7.2440E-07,-6.527E-04
-7.2400E-07,-1.239E-03
-7.2360E-07,-1.239E-03
-7.2320E-07,-9.457E-04
-7.2280E-07,-8.480E-04
-7.2240E-07,-1.239E-03
-7.2200E-07,-1.336E-03
-7.2160E-07,-8.480E-04
-7.2120E-07,-8.480E-04
-7.2080E-07,-9.457E-04
-7.2040E-07,-8.480E-04
-7.2000E-07,-9.457E-04
-7.1960E-07,-9.457E-04
-7.1920E-07,-9.457E-04
-7.1880E-07,-1.141E-03
-7.1840E-07,-8.480E-04
-7.1800E-07,-7.504E-04
-7.1760E-07,-8.480E-04
-7.1720E-07,-1.141E-03
-7.1680E-07,-9.457E-04
-7.1640E-07,-1.239E-03
-7.1600E-07,-8.480E-04
-7.1560E-07,-9.457E-04
-7.1520E-07,-8.480E-04
-7.1480E-07,-6.527E-04
-7.1440E-07,-5.551E-04
-7.1400E-07,-9.457E-04
-7.1360E-07,-8.480E-04
-7.1320E-07,-1.239E-03
-7.1280E-07,-9.457E-04
-7.1240E-07,-6.527E-04
-7.1200E-07,-7.504E-04
-7.1160E-07,-6.527E-04
-7.1120E-07,-7.504E-04
-7.1080E-07,-9.457E-04
-7.1040E-07,-1.141E-03
-7.1000E-07,-8.480E-04
-7.0960E-07,-9.457E-04
-7.0920E-07,-1.043E-03
-7.0880E-07,-9.457E-04
-7.0840E-07,-7.504E-04
-7.0800E-07,-6.527E-04
-7.0760E-07,-1.239E-03
-7.0720E-07,-1.239E-03
-7.0680E-07,-1.141E-03
-7.0640E-07,-8.480E-04
-7.0600E-07,-7.504E-04
-7.0560E-07,-1.141E-03
-7.0520E-07,-6.527E-04
-7.0480E-07,-9.457E-04
-7.0440E-07,-9.457E-04
-7.0400E-07,-6.527E-04
-7.0360E-07,-8.480E-04
-7.0320E-07,-1.239E-03
-7.0280E-07,-9.457E-04
-7.0240E-07,-8.480E-04
-7.0200E-07,-5.551E-04
-7.0160E-07,-8.480E-04
-7.0120E-07,-8.480E-04
-7.0080E-07,-1.239E-03
-7.0040E-07,-8.480E-04
-7.0000E-07,-1.336E-03
-6.9960E-07,-7.504E-04
-6.9920E-07,-9.457E-04
-6.9880E-07,-1.645E-04
-6.9840E-07,-3.598E-04
-6.9800E-07,-5.551E-04
-6.9760E-07,-9.457E-04
-6.9720E-07,-9.457E-04
-6.9680E-07,-9.457E-04
-6.9640E-07,-8.480E-04
-6.9600E-07,-7.504E-04
-6.9560E-07,-5.551E-04
-6.9520E-07,-1.239E-03
-6.9480E-07,-1.141E-03
-6.9440E-07,-1.043E-03
-6.9400E-07,-7.504E-04
-6.9360E-07,-9.457E-04
-6.9320E-07,-8.480E-04
-6.9280E-07,-1.043E-03
-6.9240E-07,-5.551E-04
-6.9200E-07,-1.239E-03
-6.9160E-07,-1.141E-03
-6.9120E-07,-9.457E-04
-6.9080E-07,-6.527E-04
-6.9040E-07,-6.527E-04
-6.9000E-07,-8.480E-04
-6.8960E-07,-1.141E-03
-6.8920E-07,-9.457E-04
-6.8880E-07,-1.043E-03
-6.8840E-07,-1.239E-03
-6.8800E-07,-1.434E-03
-6.8760E-07,-5.551E-04
-6.8720E-07,-1.141E-03
-6.8680E-07,-9.457E-04
-6.8640E-07,-1.141E-03
-6.8600E-07,-8.480E-04
-6.8560E-07,-9.457E-04
-6.8520E-07,-1.532E-03
-6.8480E-07,-1.336E-03
-6.8440E-07,-1.141E-03
-6.8400E-07,-1.141E-03
-6.8360E-07,-8.480E-04
-6.8320E-07,-8.480E-04
-6.8280E-07,-1.141E-03
-6.8240E-07,-8.480E-04
-6.8200E-07,-1.043E-03
-6.8160E-07,-7.504E-04
-6.8120E-07,-6.527E-04
-6.8080E-07,-5.551E-04
-6.8040E-07,-7.504E-04
-6.8000E-07,-8.480E-04
-6.7960E-07,-1.141E-03
-6.7920E-07,-8.480E-04
-6.7880E-07,-1.434E-03
-6.7840E-07,-1.434E-03
-6.7800E-07,-9.457E-04
-6.7760E-07,-7.504E-04
-6.7720E-07,-5.551E-04
-6.7680E-07,-9.457E-04
-6.7640E-07,-8.480E-04
-6.7600E-07,-1.141E-03
-6.7560E-07,-9.457E-04
-6.7520E-07,-8.480E-04
-6.7480E-07,-7.504E-04
-6.7440E-07,-7.504E-04
-6.7400E-07,-8.480E-04
-6.7360E-07,-1.141E-03
-6.7320E-07,-8.480E-04
-6.7280E-07,-1.043E-03
-6.7240E-07,-1.141E-03
-6.7200E-07,-1.141E-03
-6.7160E-07,-9.457E-04
-6.7120E-07,-8.480E-04
-6.7080E-07,-9.457E-04
-6.7040E-07,-9.457E-04
-6.7000E-07,-9.457E-04
-6.6960E-07,-8.480E-04
-6.6920E-07,-8.480E-04
-6.6880E-07,-7.504E-04
-6.6840E-07,-1.141E-03
-6.6800E-07,-1.239E-03
-6.6760E-07,-1.043E-03
-6.6720E-07,-8.480E-04
-6.6680E-07,-9.457E-04
-6.6640E-07,-9.457E-04
-6.6600E-07,-1.141E-03
-6.6560E-07,-7.504E-04
-6.6520E-07,-7.504E-04
-6.6480E-07,-7.504E-04
-6.6440E-07,-1.043E-03
-6.6400E-07,-8.480E-04
-6.6360E-07,-8.480E-04
-6.6320E-07,-8.480E-04
-6.6280E-07,-9.457E-04
-6.6240E-07,-1.141E-03
-6.6200E-07,-7.504E-04
-6.6160E-07,-6.527E-04
-6.6120E-07,-9.457E-04
-6.6080E-07,-9.457E-04
-6.6040E-07,-7.504E-04
-6.6000E-07,-4.574E-04
-6.5960E-07,-1.043E-03
-6.5920E-07,-1.239E-03
-6.5880E-07,-1.043E-03
-6.5840E-07,-8.480E-04
-6.5800E-07,-9.457E-04
-6.5760E-07,-9.457E-04
-6.5720E-07,-5.551E-04
-6.5680E-07,-8.480E-04
-6.5640E-07,-1.141E-03
-6.5600E-07,-1.532E-03
-6.5560E-07,-9.457E-04
-6.5520E-07,-1.239E-03
-6.5480E-07,-1.239E-03
-6.5440E-07,-6.527E-04
-6.5400E-07,-5.551E-04
-6.5360E-07,-7.504E-04
-6.5320E-07,-9.457E-04
-6.5280E-07,-8.480E-04
-6.5240E-07,-1.239E-03
-6.5200E-07,-8.480E-04
-6.5160E-07,-7.504E-04
-6.5120E-07,-6.527E-04
-6.5080E-07,-1.141E-03
-6.5040E-07,-7.504E-04
-6.5000E-07,-7.504E-04
-6.4960E-07,-1.239E-03
-6.4920E-07,-8.480E-04
-6.4880E-07,-1.336E-03
-6.4840E-07,-9.457E-04
-6.4800E-07,-1.141E-03
-6.4760E-07,-1.434E-03
-6.4720E-07,-9.457E-04
-6.4680E-07,-5.551E-04
-6.4640E-07,-1.239E-03
-6.4600E-07,-8.480E-04
-6.4560E-07,-9.457E-04
-6.4520E-07,-1.043E-03
-6.4480E-07,-1.043E-03
-6.4440E-07,-9.457E-04
-6.4400E-07,-5.551E-04
-6.4360E-07,-6.527E-04
-6.4320E-07,-5.551E-04
-6.4280E-07,-6.527E-04
-6.4240E-07,-1.532E-03
-6.4200E-07,-1.336E-03
-6.4160E-07,-8.480E-04
-6.4120E-07,-9.457E-04
-6.4080E-07,-5.551E-04
-6.4040E-07,-1.043E-03
-6.4000E-07,-1.336E-03
-6.3960E-07,-5.551E-04
-6.3920E-07,-1.239E-03
-6.3880E-07,-1.043E-03
-6.3840E-07,-8.480E-04
-6.3800E-07,-1.141E-03
-6.3760E-07,-8.480E-04
-6.3720E-07,-1.043E-03
-6.3680E-07,-1.043E-03
-6.3640E-07,-9.457E-04
-6.3600E-07,-1.239E-03
-6.3560E-07,-9.457E-04
-6.3520E-07,-1.043E-03
-6.3480E-07,-9.457E-04
-6.3440E-07,-6.527E-04
-6.3400E-07,-1.043E-03
-6.3360E-07,-1.141E-03
-6.3320E-07,-9.457E-04
-6.3280E-07,-8.480E-04
-6.3240E-07,-9.457E-04
-6.3200E-07,-1.336E-03
-6.3160E-07,-1.336E-03
-6.3120E-07,-8.480E-04
-6.3080E-07,-1.043E-03
-6.3040E-07,-8.480E-04
-6.3000E-07,-1.043E-03
-6.2960E-07,-9.457E-04
-6.2920E-07,-1.629E-03
-6.2880E-07,-1.141E-03
-6.2840E-07,-1.043E-03
-6.2800E-07,-7.504E-04
-6.2760E-07,-7.504E-04
-6.2720E-07,-9.457E-04
-6.2680E-07,-6.527E-04
-6.2640E-07,-8.480E-04
-6.2600E-07,-9.457E-04
-6.2560E-07,-9.457E-04
-6.2520E-07,-1.239E-03
-6.2480E-07,-6.527E-04
-6.2440E-07,-1.043E-03
-6.2400E-07,-1.043E-03
-6.2360E-07,-9.457E-04
-6.2320E-07,-1.141E-03
-6.2280E-07,-1.141E-03
-6.2240E-07,-7.504E-04
-6.2200E-07,-1.141E-03
-6.2160E-07,-1.239E-03
-6.2120E-07,-1.239E-03
-6.2080E-07,-1.043E-03
-6.2040E-07,-7.504E-04
-6.2000E-07,-5.551E-04
-6.1960E-07,-9.457E-04
-6.1920E-07,-9.457E-04
-6.1880E-07,-1.434E-03
-6.1840E-07,-6.527E-04
-6.1800E-07,-8.480E-04
-6.1760E-07,-7.504E-04
-6.1720E-07,-6.527E-04
-6.1680E-07,-9.457E-04
-6.1640E-07,-7.504E-04
-6.1600E-07,-1.043E-03
-6.1560E-07,-5.551E-04
-6.1520E-07,-1.043E-03
-6.1480E-07,-1.043E-03
-6.1440E-07,-9.457E-04
-6.1400E-07,-1.043E-03
-6.1360E-07,-1.239E-03
-6.1320E-07,-1.239E-03
-6.1280E-07,-1.239E-03
-6.1240E-07,-1.336E-03
-6.1200E-07,-9.457E-04
-6.1160E-07,-9.457E-04
-6.1120E-07,-8.480E-04
-6.1080E-07,-6.527E-04
-6.1040E-07,-9.457E-04
-6.1000E-07,-1.141E-03
-6.0960E-07,-6.527E-04
-6.0920E-07,-9.457E-04
-6.0880E-07,-1.043E-03
-6.0840E-07,-1.239E-03
-6.0800E-07,-1.141E-03
-6.0760E-07,-7.504E-04
-6.0720E-07,-6.527E-04
-6.0680E-07,-5.551E-04
-6.0640E-07,-9.457E-04
-6.0600E-07,-1.239E-03
-6.0560E-07,-6.527E-04
-6.0520E-07,-7.504E-04
-6.0480E-07,-1.239E-03
-6.0440E-07,-6.527E-04
-6.0400E-07,-8.480E-04
-6.0360E-07,-8.480E-04
-6.0320E-07,-5.551E-04
-6.0280E-07,-6.527E-04
-6.0240E-07,-3.598E-04
-6.0200E-07,-1.043E-03
-6.0160E-07,-1.043E-03
-6.0120E-07,-1.043E-03
-6.0080E-07,-7.504E-04
-6.0040E-07,-9.457E-04
-6.0000E-07,-1.336E-03
-5.9960E-07,-1.141E-03
-5.9920E-07,-7.504E-04
-5.9880E-07,-1.629E-03
-5.9840E-07,-9.457E-04
-5.9800E-07,-8.480E-04
-5.9760E-07,-8.480E-04
-5.9720E-07,-1.141E-03
-5.9680E-07,-1.141E-03
-5.9640E-07,-9.457E-04
-5.9600E-07,-1.141E-03
-5.9560E-07,-9.457E-04
-5.9520E-07,-1.239E-03
-5.9480E-07,-8.480E-04
-5.9440E-07,-9.457E-04
-5.9400E-07,-7.504E-04
-5.9360E-07,-8.480E-04
-5.9320E-07,-5.551E-04
-5.9280E-07,-7.504E-04
-5.9240E-07,-8.480E-04
-5.9200E-07,-9.457E-04
-5.9160E-07,-8.480E-04
-5.9120E-07,-1.239E-03
-5.9080E-07,-1.239E-03
-5.9040E-07,-9.457E-04
-5.9000E-07,-7.504E-04
-5.8960E-07,-8.480E-04
-5.8920E-07,-1.727E-03
-5.8880E-07,-7.504E-04
-5.8840E-07,-3.598E-04
-5.8800E-07,-5.551E-04
-5.8760E-07,-8.480E-04
-5.8720E-07,-9.457E-04
-5.8680E-07,-9.457E-04
-5.8640E-07,-8.480E-04
-5.8600E-07,-1.434E-03
-5.8560E-07,-1.141E-03
-5.8520E-07,-9.457E-04
-5.8480E-07,-9.457E-04
-5.8440E-07,-9.457E-04
-5.8400E-07,-9.457E-04
-5.8360E-07,-7.504E-04
-5.8320E-07,-1.043E-03
-5.8280E-07,-8.480E-04
-5.8240E-07,-9.457E-04
-5.8200E-07,-7.504E-04
-5.8160E-07,-9.457E-04
-5.8120E-07,-7.504E-04
-5.8080E-07,-8.480E-04
-5.8040E-07,-6.527E-04
-5.8000E-07,-8.480E-04
-5.7960E-07,-9.457E-04
-5.7920E-07,-7.504E-04
-5.7880E-07,-5.551E-04
-5.7840E-07,-8.480E-04
-5.7800E-07,-5.551E-04
-5.7760E-07,-1.043E-03
-5.7720E-07,-9.457E-04
-5.7680E-07,-8.480E-04
-5.7640E-07,-6.527E-04
-5.7600E-07,-9.457E-04
-5.7560E-07,-1.239E-03
-5.7520E-07,-6.527E-04
-5.7480E-07,-7.504E-04
-5.7440E-07,-8.480E-04
-5.7400E-07,-8.480E-04
-5.7360E-07,-1.043E-03
-5.7320E-07,-1.043E-03
-5.7280E-07,-1.141E-03
-5.7240E-07,-1.043E-03
-5.7200E-07,-7.504E-04
-5.7160E-07,-1.239E-03
-5.7120E-07,-6.527E-04
-5.7080E-07,-4.574E-04
-5.7040E-07,-1.043E-03
-5.7000E-07,-1.239E-03
-5.6960E-07,-1.043E-03
-5.6920E-07,-1.239E-03
-5.6880E-07,-8.480E-04
-5.6840E-07,-7.504E-04
-5.6800E-07,-9.457E-04
-5.6760E-07,-5.551E-04
-5.6720E-07,-5.551E-04
-5.6680E-07,-6.527E-04
-5.6640E-07,-6.527E-04
-5.6600E-07,-8.480E-04
-5.6560E-07,-1.239E-03
-5.6520E-07,-9.457E-04
-5.6480E-07,-9.457E-04
-5.6440E-07,-1.239E-03
-5.6400E-07,-5.551E-04
-5.6360E-07,-7.504E-04
-5.6320E-07,-9.457E-04
-5.6280E-07,-1.043E-03
-5.6240E-07,-1.239E-03
-5.6200E-07,-1.141E-03
-5.6160E-07,-9.457E-04
-5.6120E-07,-5.551E-04
-5.6080E-07,-5.551E-04
-5.6040E-07,-5.551E-04
-5.6000E-07,-8.480E-04
-5.5960E-07,-8.480E-04
-5.5920E-07,-5.551E-04
-5.5880E-07,-7.504E-04
-5.5840E-07,-7.504E-04
-5.5800E-07,-7.504E-04
-5.5760E-07,-6.527E-04
-5.5720E-07,-6.527E-04
-5.5680E-07,-7.504E-04
-5.5640E-07,-1.043E-03
-5.5600E-07,-6.527E-04
-5.5560E-07,-1.336E-03
-5.5520E-07,-1.239E-03
-5.5480E-07,-8.480E-04
-5.5440E-07,-8.480E-04
-5.5400E-07,-1.043E-03
-5.5360E-07,-1.141E-03
-5.5320E-07,-8.480E-04
-5.5280E-07,-8.480E-04
-5.5240E-07,-1.043E-03
-5.5200E-07,-9.457E-04
-5.5160E-07,-7.504E-04
-5.5120E-07,-8.480E-04
-5.5080E-07,-1.141E-03
-5.5040E-07,-1.239E-03
-5.5000E-07,-9.457E-04
-5.4960E-07,-8.480E-04
-5.4920E-07,-7.504E-04
-5.4880E-07,-5.551E-04
-5.4840E-07,-8.480E-04
-5.4800E-07,-9.457E-04
-5.4760E-07,-1.141E-03
-5.4720E-07,-7.504E-04
-5.4680E-07,-7.504E-04
-5.4640E-07,-9.457E-04
-5.4600E-07,-9.457E-04
-5.4560E-07,-3.598E-04
-5.4520E-07,-8.480E-04
-5.4480E-07,-5.551E-04
-5.4440E-07,-6.527E-04
-5.4400E-07,-7.504E-04
-5.4360E-07,-8.480E-04
-5.4320E-07,-1.239E-03
-5.4280E-07,-1.141E-03
-5.4240E-07,-6.527E-04
-5.4200E-07,-1.043E-03
-5.4160E-07,-6.527E-04
-5.4120E-07,-7.504E-04
-5.4080E-07,-1.239E-03
-5.4040E-07,-9.457E-04
-5.4000E-07,-9.457E-04
-5.3960E-07,-1.043E-03
-5.3920E-07,-1.141E-03
-5.3880E-07,-8.480E-04
-5.3840E-07,-1.043E-03
-5.3800E-07,-1.043E-03
-5.3760E-07,-9.457E-04
-5.3720E-07,-4.574E-04
-5.3680E-07,-5.551E-04
-5.3640E-07,-1.141E-03
-5.3600E-07,-7.504E-04
-5.3560E-07,-5.551E-04
-5.3520E-07,-8.480E-04
-5.3480E-07,-7.504E-04
-5.3440E-07,-9.457E-04
-5.3400E-07,-5.551E-04
-5.3360E-07,-7.504E-04
-5.3320E-07,-1.141E-03
-5.3280E-07,-6.527E-04
-5.3240E-07,-1.141E-03
-5.3200E-07,-1.141E-03
-5.3160E-07,-9.457E-04
-5.3120E-07,-6.527E-04
-5.3080E-07,-7.504E-04
-5.3040E-07,-8.480E-04
-5.3000E-07,-7.504E-04
-5.2960E-07,-1.141E-03
-5.2920E-07,-5.551E-04
-5.2880E-07,-1.141E-03
-5.2840E-07,-1.141E-03
-5.2800E-07,-3.598E-04
-5.2760E-07,-6.527E-04
-5.2720E-07,-1.043E-03
-5.2680E-07,-1.043E-03
-5.2640E-07,-3.598E-04
-5.2600E-07,-3.598E-04
-5.2560E-07,-8.480E-04
-5.2520E-07,-7.504E-04
-5.2480E-07,-9.457E-04
-5.2440E-07,-8.480E-04
-5.2400E-07,-1.043E-03
-5.2360E-07,-9.457E-04
-5.2320E-07,-1.141E-03
-5.2280E-07,-1.043E-03
-5.2240E-07,-8.480E-04
-5.2200E-07,-8.480E-04
-5.2160E-07,-8.480E-04
-5.2120E-07,-8.480E-04
-5.2080E-07,-9.457E-04
-5.2040E-07,-9.457E-04
-5.2000E-07,-1.043E-03
-5.1960E-07,-8.480E-04
-5.1920E-07,-8.480E-04
-5.1880E-07,-1.141E-03
-5.1840E-07,-1.043E-03
-5.1800E-07,-9.457E-04
-5.1760E-07,-7.504E-04
-5.1720E-07,-8.480E-04
-5.1680E-07,-9.457E-04
-5.1640E-07,-6.527E-04
-5.1600E-07,-9.457E-04
-5.1560E-07,-1.043E-03
-5.1520E-07,-1.239E-03
-5.1480E-07,-5.551E-04
-5.1440E-07,-5.551E-04
-5.1400E-07,-8.480E-04
-5.1360E-07,-9.457E-04
-5.1320E-07,-8.480E-04
-5.1280E-07,-8.480E-04
-5.1240E-07,-1.043E-03
-5.1200E-07,-5.551E-04
-5.1160E-07,-5.551E-04
-5.1120E-07,-3.598E-04
-5.1080E-07,-8.480E-04
-5.1040E-07,-1.043E-03
-5.1000E-07,-7.504E-04
-5.0960E-07,-4.574E-04
-5.0920E-07,-1.043E-03
-5.0880E-07,-8.480E-04
-5.0840E-07,-8.480E-04
-5.0800E-07,-1.239E-03
-5.0760E-07,-6.527E-04
-5.0720E-07,-3.598E-04
-5.0680E-07,-6.527E-04
-5.0640E-07,-1.141E-03
-5.0600E-07,-6.527E-04
-5.0560E-07,-9.457E-04
-5.0520E-07,-5.551E-04
-5.0480E-07,-9.457E-04
-5.0440E-07,-9.457E-04
-5.0400E-07,-1.141E-03
-5.0360E-07,-1.141E-03
-5.0320E-07,-5.551E-04
-5.0280E-07,-9.457E-04
-5.0240E-07,-8.480E-04
-5.0200E-07,-5.551E-04
-5.0160E-07,-1.043E-03
-5.0120E-07,-1.239E-03
-5.0080E-07,-8.480E-04
-5.0040E-07,-6.527E-04
-5.0000E-07,-1.239E-03
-4.9960E-07,-1.141E-03
-4.9920E-07,-1.239E-03
-4.9880E-07,-1.141E-03
-4.9840E-07,-1.336E-03
-4.9800E-07,-6.527E-04
-4.9760E-07,-1.043E-03
-4.9720E-07,-7.504E-04
-4.9680E-07,-6.527E-04
-4.9640E-07,-5.551E-04
-4.9600E-07,-9.457E-04
-4.9560E-07,-5.551E-04
-4.9520E-07,-9.457E-04
-4.9480E-07,-7.504E-04
-4.9440E-07,-1.239E-03
-4.9400E-07,-9.457E-04
-4.9360E-07,-9.457E-04
-4.9320E-07,-8.480E-04
-4.9280E-07,-7.504E-04
-4.9240E-07,-4.574E-04
-4.9200E-07,-6.527E-04
-4.9160E-07,-6.527E-04
-4.9120E-07,-1.336E-03
-4.9080E-07,-8.480E-04
-4.9040E-07,-1.141E-03
-4.9000E-07,-1.141E-03
-4.8960E-07,-1.239E-03
-4.8920E-07,-8.480E-04
-4.8880E-07,-9.457E-04
-4.8840E-07,-8.480E-04
-4.8800E-07,-3.598E-04
-4.8760E-07,-8.480E-04
-4.8720E-07,-4.574E-04
-4.8680E-07,-1.141E-03
-4.8640E-07,-9.457E-04
-4.8600E-07,-6.527E-04
-4.8560E-07,-8.480E-04
-4.8520E-07,-1.043E-03
-4.8480E-07,-9.457E-04
-4.8440E-07,-1.141E-03
-4.8400E-07,-1.141E-03
-4.8360E-07,-8.480E-04
-4.8320E-07,-9.457E-04
-4.8280E-07,-6.527E-04
-4.8240E-07,-9.457E-04
-4.8200E-07,-5.551E-04
-4.8160E-07,-7.504E-04
-4.8120E-07,-8.480E-04
-4.8080E-07,-8.480E-04
-4.8040E-07,-1.239E-03
-4.8000E-07,-1.141E-03
-4.7960E-07,-1.043E-03
-4.7920E-07,-9.457E-04
-4.7880E-07,-7.504E-04
-4.7840E-07,-1.141E-03
-4.7800E-07,-9.457E-04
-4.7760E-07,-4.574E-04
-4.7720E-07,-7.504E-04
-4.7680E-07,-1.043E-03
-4.7640E-07,-6.527E-04
-4.7600E-07,-9.457E-04
-4.7560E-07,-9.457E-04
-4.7520E-07,-1.141E-03
-4.7480E-07,-6.527E-04
-4.7440E-07,-1.043E-03
-4.7400E-07,-1.043E-03
-4.7360E-07,-7.504E-04
-4.7320E-07,-8.480E-04
-4.7280E-07,-7.504E-04
-4.7240E-07,-9.457E-04
-4.7200E-07,-6.527E-04
-4.7160E-07,-9.457E-04
-4.7120E-07,-9.457E-04
-4.7080E-07,-8.480E-04
-4.7040E-07,-6.527E-04
-4.7000E-07,-5.551E-04
-4.6960E-07,-7.504E-04
-4.6920E-07,-6.527E-04
-4.6880E-07,-8.480E-04
-4.6840E-07,-5.551E-04
-4.6800E-07,-7.504E-04
-4.6760E-07,-1.141E-03
-4.6720E-07,-6.527E-04
-4.6680E-07,-5.551E-04
-4.6640E-07,-8.480E-04
-4.6600E-07,-6.527E-04
-4.6560E-07,-5.551E-04
-4.6520E-07,-7.504E-04
-4.6480E-07,-2.621E-04
-4.6440E-07,-9.457E-04
-4.6400E-07,-1.043E-03
-4.6360E-07,-7.504E-04
-4.6320E-07,-7.504E-04
-4.6280E-07,-7.504E-04
-4.6240E-07,-8.480E-04
-4.6200E-07,-9.457E-04
-4.6160E-07,-1.043E-03
-4.6120E-07,-1.043E-03
-4.6080E-07,-5.551E-04
-4.6040E-07,-8.480E-04
-4.6000E-07,-1.043E-03
-4.5960E-07,-9.457E-04
-4.5920E-07,-3.598E-04
-4.5880E-07,-6.527E-04
-4.5840E-07,-9.457E-04
-4.5800E-07,-5.551E-04
-4.5760E-07,-7.504E-04
-4.5720E-07,-8.480E-04
-4.5680E-07,-1.239E-03
-4.5640E-07,-5.551E-04
-4.5600E-07,-8.480E-04
-4.5560E-07,-9.457E-04
-4.5520E-07,-9.457E-04
-4.5480E-07,-9.457E-04
-4.5440E-07,-9.457E-04
-4.5400E-07,-2.621E-04
-4.5360E-07,-1.043E-03
-4.5320E-07,-1.141E-03
-4.5280E-07,-7.504E-04
-4.5240E-07,-3.598E-04
-4.5200E-07,-6.527E-04
-4.5160E-07,-1.239E-03
-4.5120E-07,-8.480E-04
-4.5080E-07,-8.480E-04
-4.5040E-07,-5.551E-04
-4.5000E-07,-5.551E-04
-4.4960E-07,-7.504E-04
-4.4920E-07,-7.504E-04
-4.4880E-07,-6.527E-04
-4.4840E-07,-7.504E-04
-4.4800E-07,-8.480E-04
-4.4760E-07,-8.480E-04
-4.4720E-07,-9.457E-04
-4.4680E-07,-8.480E-04
-4.4640E-07,-8.480E-04
-4.4600E-07,-6.527E-04
-4.4560E-07,-6.527E-04
-4.4520E-07,-7.504E-04
-4.4480E-07,-8.480E-04
-4.4440E-07,-7.504E-04
-4.4400E-07,-9.457E-04
-4.4360E-07,-8.480E-04
-4.4320E-07,-3.598E-04
-4.4280E-07,-5.551E-04
-4.4240E-07,-4.574E-04
-4.4200E-07,-1.043E-03
-4.4160E-07,-1.141E-03
-4.4120E-07,-1.043E-03
-4.4080E-07,-1.141E-03
-4.4040E-07,-8.480E-04
-4.4000E-07,-7.504E-04
-4.3960E-07,-5.551E-04
-4.3920E-07,-7.504E-04
-4.3880E-07,-9.457E-04
-4.3840E-07,-5.551E-04
-4.3800E-07,-9.457E-04
-4.3760E-07,-1.043E-03
-4.3720E-07,-7.504E-04
-4.3680E-07,-5.551E-04
-4.3640E-07,-8.480E-04
-4.3600E-07,-5.551E-04
-4.3560E-07,-1.336E-03
-4.3520E-07,-4.574E-04
-4.3480E-07,-3.598E-04
-4.3440E-07,-7.504E-04
-4.3400E-07,-6.527E-04
-4.3360E-07,-5.551E-04
-4.3320E-07,-9.457E-04
-4.3280E-07,-8.480E-04
-4.3240E-07,-6.527E-04
-4.3200E-07,-1.239E-03
-4.3160E-07,-9.457E-04
-4.3120E-07,-1.043E-03
-4.3080E-07,-7.504E-04
-4.3040E-07,-6.527E-04
-4.3000E-07,-8.480E-04
-4.2960E-07,-5.551E-04
-4.2920E-07,-5.551E-04
-4.2880E-07,-5.551E-04
-4.2840E-07,-3.598E-04
-4.2800E-07,-5.551E-04
-4.2760E-07,-7.504E-04
-4.2720E-07,-5.551E-04
-4.2680E-07,-4.574E-04
-4.2640E-07,-8.480E-04
-4.2600E-07,-8.480E-04
-4.2560E-07,-5.551E-04
-4.2520E-07,-7.504E-04
-4.2480E-07,-5.551E-04
-4.2440E-07,-1.141E-03
-4.2400E-07,-1.043E-03
-4.2360E-07,-9.457E-04
-4.2320E-07,-1.043E-03
-4.2280E-07,-1.043E-03
-4.2240E-07,-1.043E-03
-4.2200E-07,-9.457E-04
-4.2160E-07,-8.480E-04
-4.2120E-07,-1.141E-03
-4.2080E-07,-8.480E-04
-4.2040E-07,-5.551E-04
-4.2000E-07,-6.527E-04
-4.1960E-07,-1.043E-03
-4.1920E-07,-1.239E-03
-4.1880E-07,-5.551E-04
-4.1840E-07,-7.504E-04
-4.1800E-07,-1.043E-03
-4.1760E-07,-7.504E-04
-4.1720E-07,-7.504E-04
-4.1680E-07,-9.457E-04
-4.1640E-07,-1.239E-03
-4.1600E-07,-1.043E-03
-4.1560E-07,-1.141E-03
-4.1520E-07,-5.551E-04
-4.1480E-07,-9.457E-04
-4.1440E-07,-9.457E-04
-4.1400E-07,-7.504E-04
-4.1360E-07,-5.551E-04
-4.1320E-07,-6.527E-04
-4.1280E-07,-8.480E-04
-4.1240E-07,-7.504E-04
-4.1200E-07,-6.527E-04
-4.1160E-07,-1.043E-03
-4.1120E-07,-4.574E-04
-4.1080E-07,-5.551E-04
-4.1040E-07,-7.504E-04
-4.1000E-07,-1.043E-03
-4.0960E-07,-5.551E-04
-4.0920E-07,-8.480E-04
-4.0880E-07,-8.480E-04
-4.0840E-07,-1.141E-03
-4.0800E-07,-1.043E-03
-4.0760E-07,-8.480E-04
-4.0720E-07,-1.043E-03
-4.0680E-07,-7.504E-04
-4.0640E-07,-8.480E-04
-4.0600E-07,-6.527E-04
-4.0560E-07,-5.551E-04
-4.0520E-07,-7.504E-04
-4.0480E-07,-1.239E-03
-4.0440E-07,-5.551E-04
-4.0400E-07,-5.551E-04
-4.0360E-07,-8.480E-04
-4.0320E-07,-7.504E-04
-4.0280E-07,-2.621E-04
-4.0240E-07,-7.504E-04
-4.0200E-07,-1.239E-03
-4.0160E-07,-5.551E-04
-4.0120E-07,-6.527E-04
-4.0080E-07,-9.457E-04
-4.0040E-07,-6.527E-04
-4.0000E-07,-3.598E-04
-3.9960E-07,-7.504E-04
-3.9920E-07,-3.598E-04
-3.9880E-07,-1.043E-03
-3.9840E-07,-9.457E-04
-3.9800E-07,-8.480E-04
-3.9760E-07,-4.574E-04
-3.9720E-07,-4.574E-04
-3.9680E-07,-1.043E-03
-3.9640E-07,-8.480E-04
-3.9600E-07,-7.504E-04
-3.9560E-07,-8.480E-04
-3.9520E-07,-3.598E-04
-3.9480E-07,-7.504E-04
-3.9440E-07,-4.574E-04
-3.9400E-07,-7.504E-04
-3.9360E-07,-5.551E-04
-3.9320E-07,-5.551E-04
-3.9280E-07,-9.457E-04
-3.9240E-07,-7.504E-04
-3.9200E-07,-7.504E-04
-3.9160E-07,-8.480E-04
-3.9120E-07,-9.457E-04
-3.9080E-07,-6.527E-04
-3.9040E-07,-7.504E-04
-3.9000E-07,-8.480E-04
-3.8960E-07,-6.527E-04
-3.8920E-07,-8.480E-04
-3.8880E-07,-8.480E-04
-3.8840E-07,-9.457E-04
-3.8800E-07,-1.141E-03
-3.8760E-07,-1.141E-03
-3.8720E-07,-8.480E-04
-3.8680E-07,-8.480E-04
-3.8640E-07,-8.480E-04
-3.8600E-07,-1.043E-03
-3.8560E-07,-5.551E-04
-3.8520E-07,-6.527E-04
-3.8480E-07,-8.480E-04
-3.8440E-07,-9.457E-04
-3.8400E-07,-1.141E-03
-3.8360E-07,-9.457E-04
-3.8320E-07,-1.239E-03
-3.8280E-07,-7.504E-04
-3.8240E-07,-5.551E-04
-3.8200E-07,-7.504E-04
-3.8160E-07,-1.645E-04
-3.8120E-07,-8.480E-04
-3.8080E-07,-8.480E-04
-3.8040E-07,-8.480E-04
-3.8000E-07,-9.457E-04
-3.7960E-07,-8.480E-04
-3.7920E-07,-3.598E-04
-3.7880E-07,-6.527E-04
-3.7840E-07,-3.598E-04
-3.7800E-07,-5.551E-04
-3.7760E-07,-9.457E-04
-3.7720E-07,-1.043E-03
-3.7680E-07,-5.551E-04
-3.7640E-07,-5.551E-04
-3.7600E-07,-9.457E-04
-3.7560E-07,-6.527E-04
-3.7520E-07,-6.527E-04
-3.7480E-07,-5.551E-04
-3.7440E-07,-9.457E-04
-3.7400E-07,-6.527E-04
-3.7360E-07,-2.621E-04
-3.7320E-07,-8.480E-04
-3.7280E-07,-7.504E-04
-3.7240E-07,-9.457E-04
-3.7200E-07,-3.598E-04
-3.7160E-07,-6.527E-04
-3.7120E-07,-1.141E-03
-3.7080E-07,-8.480E-04
-3.7040E-07,-8.480E-04
-3.7000E-07,-9.457E-04
-3.6960E-07,-6.527E-04
-3.6920E-07,-5.551E-04
-3.6880E-07,-5.551E-04
-3.6840E-07,-8.480E-04
-3.6800E-07,-6.527E-04
-3.6760E-07,-7.504E-04
-3.6720E-07,-9.457E-04
-3.6680E-07,-1.141E-03
-3.6640E-07,-9.457E-04
-3.6600E-07,-4.574E-04
-3.6560E-07,-5.551E-04
-3.6520E-07,-5.551E-04
-3.6480E-07,-7.504E-04
-3.6440E-07,-4.574E-04
-3.6400E-07,-1.239E-03
-3.6360E-07,-1.239E-03
-3.6320E-07,-6.527E-04
-3.6280E-07,-9.457E-04
-3.6240E-07,-7.504E-04
-3.6200E-07,-8.480E-04
-3.6160E-07,-8.480E-04
-3.6120E-07,-1.043E-03
-3.6080E-07,-1.043E-03
-3.6040E-07,-8.480E-04
-3.6000E-07,-7.504E-04
-3.5960E-07,-9.457E-04
-3.5920E-07,-9.457E-04
-3.5880E-07,-8.480E-04
-3.5840E-07,-4.574E-04
-3.5800E-07,-2.621E-04
-3.5760E-07,-4.574E-04
-3.5720E-07,-4.574E-04
-3.5680E-07,-9.457E-04
-3.5640E-07,-9.457E-04
-3.5600E-07,-4.574E-04
-3.5560E-07,-8.480E-04
-3.5520E-07,-1.043E-03
-3.5480E-07,-7.504E-04
-3.5440E-07,-8.480E-04
-3.5400E-07,-8.480E-04
-3.5360E-07,-7.504E-04
-3.5320E-07,-8.480E-04
-3.5280E-07,-2.621E-04
-3.5240E-07,-7.504E-04
-3.5200E-07,-5.551E-04
-3.5160E-07,-5.551E-04
-3.5120E-07,-1.141E-03
-3.5080E-07,-8.480E-04
-3.5040E-07,-9.457E-04
-3.5000E-07,-6.527E-04
-3.4960E-07,-4.574E-04
-3.4920E-07,-5.551E-04
-3.4880E-07,-8.480E-04
-3.4840E-07,-9.457E-04
-3.4800E-07,-8.480E-04
-3.4760E-07,-5.551E-04
-3.4720E-07,-6.527E-04
-3.4680E-07,-9.457E-04
-3.4640E-07,-9.457E-04
-3.4600E-07,-7.504E-04
-3.4560E-07,-9.457E-04
-3.4520E-07,-6.527E-04
-3.4480E-07,-5.551E-04
-3.4440E-07,-8.480E-04
-3.4400E-07,-9.457E-04
-3.4360E-07,-6.527E-04
-3.4320E-07,-7.504E-04
-3.4280E-07,-9.457E-04
-3.4240E-07,-8.480E-04
-3.4200E-07,-9.457E-04
-3.4160E-07,-8.480E-04
-3.4120E-07,-9.457E-04
-3.4080E-07,-1.434E-03
-3.4040E-07,-9.457E-04
-3.4000E-07,-6.527E-04
-3.3960E-07,-6.527E-04
-3.3920E-07,-7.504E-04
-3.3880E-07,-8.480E-04
-3.3840E-07,-6.527E-04
-3.3800E-07,-6.527E-04
-3.3760E-07,-5.551E-04
-3.3720E-07,-3.598E-04
-3.3680E-07,-9.457E-04
-3.3640E-07,-6.527E-04
-3.3600E-07,-8.480E-04
-3.3560E-07,-3.598E-04
-3.3520E-07,-2.621E-04
-3.3480E-07,-6.527E-04
-3.3440E-07,-5.551E-04
-3.3400E-07,-1.645E-04
-3.3360E-07,-9.457E-04
-3.3320E-07,-1.239E-03
-3.3280E-07,-7.504E-04
-3.3240E-07,-5.551E-04
-3.3200E-07,-9.457E-04
-3.3160E-07,-8.480E-04
-3.3120E-07,-8.480E-04
-3.3080E-07,-8.480E-04
-3.3040E-07,-8.480E-04
-3.3000E-07,-1.043E-03
-3.2960E-07,-8.480E-04
-3.2920E-07,-9.457E-04
-3.2880E-07,-6.527E-04
-3.2840E-07,-7.504E-04
-3.2800E-07,-6.527E-04
-3.2760E-07,-6.527E-04
-3.2720E-07,-8.480E-04
-3.2680E-07,-7.504E-04
-3.2640E-07,-6.527E-04
-3.2600E-07,-1.043E-03
-3.2560E-07,-8.480E-04
-3.2520E-07,-6.527E-04
-3.2480E-07,-5.551E-04
-3.2440E-07,-3.598E-04
-3.2400E-07,-1.645E-04
-3.2360E-07,-7.504E-04
-3.2320E-07,-5.551E-04
-3.2280E-07,-9.457E-04
-3.2240E-07,-8.480E-04
-3.2200E-07,-7.504E-04
-3.2160E-07,-7.504E-04
-3.2120E-07,-1.043E-03
-3.2080E-07,-5.551E-04
-3.2040E-07,-8.480E-04
-3.2000E-07,-5.551E-04
-3.1960E-07,-6.527E-04
-3.1920E-07,-5.551E-04
-3.1880E-07,-6.527E-04
-3.1840E-07,-9.457E-04
-3.1800E-07,-8.480E-04
-3.1760E-07,-5.551E-04
-3.1720E-07,-1.239E-03
-3.1680E-07,-8.480E-04
-3.1640E-07,-7.504E-04
-3.1600E-07,-1.141E-03
-3.1560E-07,-9.457E-04
-3.1520E-07,-5.551E-04
-3.1480E-07,-6.527E-04
-3.1440E-07,-4.574E-04
-3.1400E-07,-7.504E-04
-3.1360E-07,-7.504E-04
-3.1320E-07,-1.141E-03
-3.1280E-07,-9.457E-04
-3.1240E-07,-6.527E-04
-3.1200E-07,-8.480E-04
-3.1160E-07,-1.043E-03
-3.1120E-07,-1.043E-03
-3.1080E-07,-7.504E-04
-3.1040E-07,-4.574E-04
-3.1000E-07,-6.527E-04
-3.0960E-07,-5.551E-04
-3.0920E-07,-1.043E-03
-3.0880E-07,-8.480E-04
-3.0840E-07,-3.598E-04
-3.0800E-07,-5.551E-04
-3.0760E-07,-9.457E-04
-3.0720E-07,-1.043E-03
-3.0680E-07,-3.598E-04
-3.0640E-07,-5.551E-04
-3.0600E-07,-4.574E-04
-3.0560E-07,-9.457E-04
-3.0520E-07,-6.680E-05
-3.0480E-07,-4.574E-04
-3.0440E-07,-8.480E-04
-3.0400E-07,-8.480E-04
-3.0360E-07,-5.551E-04
-3.0320E-07,-5.551E-04
-3.0280E-07,-5.551E-04
-3.0240E-07,-3.598E-04
-3.0200E-07,-5.551E-04
-3.0160E-07,-9.457E-04
-3.0120E-07,-3.598E-04
-3.0080E-07,-9.457E-04
-3.0040E-07,-8.480E-04
-3.0000E-07,-8.480E-04
-2.9960E-07,-7.504E-04
-2.9920E-07,-5.551E-04
-2.9880E-07,-3.598E-04
-2.9840E-07,-2.621E-04
-2.9800E-07,-6.527E-04
-2.9760E-07,-8.480E-04
-2.9720E-07,-8.480E-04
-2.9680E-07,-5.551E-04
-2.9640E-07,-5.551E-04
-2.9600E-07,-7.504E-04
-2.9560E-07,-9.457E-04
-2.9520E-07,-7.504E-04
-2.9480E-07,-9.457E-04
-2.9440E-07,-7.504E-04
-2.9400E-07,-8.480E-04
-2.9360E-07,-6.527E-04
-2.9320E-07,-6.527E-04
-2.9280E-07,-9.457E-04
-2.9240E-07,-1.645E-04
-2.9200E-07,-8.480E-04
-2.9160E-07,-8.480E-04
-2.9120E-07,-7.504E-04
-2.9080E-07,-7.504E-04
-2.9040E-07,-7.504E-04
-2.9000E-07,-8.480E-04
-2.8960E-07,-6.527E-04
-2.8920E-07,-6.527E-04
-2.8880E-07,-5.551E-04
-2.8840E-07,-1.043E-03
-2.8800E-07,-8.480E-04
-2.8760E-07,-3.598E-04
-2.8720E-07,-1.043E-03
-2.8680E-07,-1.141E-03
-2.8640E-07,-9.457E-04
-2.8600E-07,-8.480E-04
-2.8560E-07,-8.480E-04
-2.8520E-07,-9.457E-04
-2.8480E-07,-9.457E-04
-2.8440E-07,-2.621E-04
-2.8400E-07,-6.527E-04
-2.8360E-07,-1.141E-03
-2.8320E-07,-4.574E-04
-2.8280E-07,-5.551E-04
-2.8240E-07,-2.621E-04
-2.8200E-07,-1.141E-03
-2.8160E-07,-9.457E-04
-2.8120E-07,-7.504E-04
-2.8080E-07,-8.480E-04
-2.8040E-07,-1.141E-03
-2.8000E-07,-9.457E-04
-2.7960E-07,-5.551E-04
-2.7920E-07,-5.551E-04
-2.7880E-07,-8.480E-04
-2.7840E-07,-7.504E-04
-2.7800E-07,-5.551E-04
-2.7760E-07,-6.527E-04
-2.7720E-07,-3.598E-04
-2.7680E-07,-7.504E-04
-2.7640E-07,-2.621E-04
-2.7600E-07,-5.551E-04
-2.7560E-07,-6.527E-04
-2.7520E-07,-8.480E-04
-2.7480E-07,-5.551E-04
-2.7440E-07,-5.551E-04
-2.7400E-07,-8.480E-04
-2.7360E-07,-6.527E-04
-2.7320E-07,-1.043E-03
-2.7280E-07,-1.141E-03
-2.7240E-07,-8.480E-04
-2.7200E-07,-6.527E-04
-2.7160E-07,-7.504E-04
-2.7120E-07,-7.504E-04
-2.7080E-07,-8.480E-04
-2.7040E-07,-7.504E-04
-2.7000E-07,-1.043E-03
-2.6960E-07,-6.527E-04
-2.6920E-07,-6.527E-04
-2.6880E-07,-6.527E-04
-2.6840E-07,-5.551E-04
-2.6800E-07,-7.504E-04
-2.6760E-07,-7.504E-04
-2.6720E-07,-9.457E-04
-2.6680E-07,-7.504E-04
-2.6640E-07,-9.457E-04
-2.6600E-07,-1.043E-03
-2.6560E-07,-8.480E-04
-2.6520E-07,-3.598E-04
-2.6480E-07,-8.480E-04
-2.6440E-07,-9.457E-04
-2.6400E-07,-1.141E-03
-2.6360E-07,-6.527E-04
-2.6320E-07,-4.574E-04
-2.6280E-07,-5.551E-04
-2.6240E-07,-6.527E-04
-2.6200E-07,-4.574E-04
-2.6160E-07,-6.527E-04
-2.6120E-07,-6.527E-04
-2.6080E-07,-1.043E-03
-2.6040E-07,-6.527E-04
-2.6000E-07,-4.574E-04
-2.5960E-07,-5.551E-04
-2.5920E-07,-5.551E-04
-2.5880E-07,-4.574E-04
-2.5840E-07,-8.480E-04
-2.5800E-07,-6.527E-04
-2.5760E-07,-7.504E-04
-2.5720E-07,-6.527E-04
-2.5680E-07,-1.043E-03
-2.5640E-07,-5.551E-04
-2.5600E-07,-8.480E-04
-2.5560E-07,-1.043E-03
-2.5520E-07,-1.239E-03
-2.5480E-07,-8.480E-04
-2.5440E-07,-9.457E-04
-2.5400E-07,-8.480E-04
-2.5360E-07,-6.527E-04
-2.5320E-07,-8.480E-04
-2.5280E-07,-8.480E-04
-2.5240E-07,-3.598E-04
-2.5200E-07,-5.551E-04
-2.5160E-07,-9.457E-04
-2.5120E-07,-6.527E-04
-2.5080E-07,-1.043E-03
-2.5040E-07,-9.457E-04
-2.5000E-07,-9.457E-04
-2.4960E-07,-1.043E-03
-2.4920E-07,-8.480E-04
-2.4880E-07,-8.480E-04
-2.4840E-07,-1.336E-03
-2.4800E-07,-1.239E-03
-2.4760E-07,-4.574E-04
-2.4720E-07,-3.598E-04
-2.4680E-07,-2.621E-04
-2.4640E-07,-6.527E-04
-2.4600E-07,-7.504E-04
-2.4560E-07,-8.480E-04
-2.4520E-07,-8.480E-04
-2.4480E-07,-7.504E-04
-2.4440E-07,-9.457E-04
-2.4400E-07,-3.598E-04
-2.4360E-07,-5.551E-04
-2.4320E-07,-7.504E-04
-2.4280E-07,-4.574E-04
-2.4240E-07,-1.141E-03
-2.4200E-07,-8.480E-04
-2.4160E-07,-1.043E-03
-2.4120E-07,-8.480E-04
-2.4080E-07,-1.043E-03
-2.4040E-07,-8.480E-04
-2.4000E-07,-8.480E-04
-2.3960E-07,-4.574E-04
-2.3920E-07,-9.457E-04
-2.3880E-07,-1.239E-03
-2.3840E-07,-7.504E-04
-2.3800E-07,-1.239E-03
-2.3760E-07,-1.043E-03
-2.3720E-07,-1.141E-03
-2.3680E-07,-5.551E-04
-2.3640E-07,-5.551E-04
-2.3600E-07,-7.504E-04
-2.3560E-07,-8.480E-04
-2.3520E-07,-6.527E-04
-2.3480E-07,-7.504E-04
-2.3440E-07,-8.480E-04
-2.3400E-07,-1.043E-03
-2.3360E-07,-1.043E-03
-2.3320E-07,-5.551E-04
-2.3280E-07,-6.527E-04
-2.3240E-07,-6.527E-04
-2.3200E-07,-1.239E-03
-2.3160E-07,-8.480E-04
-2.3120E-07,-7.504E-04
-2.3080E-07,-1.141E-03
-2.3040E-07,-1.043E-03
-2.3000E-07,-7.504E-04
-2.2960E-07,-7.504E-04
-2.2920E-07,-8.480E-04
-2.2880E-07,-9.457E-04
-2.2840E-07,-7.504E-04
-2.2800E-07,-7.504E-04
-2.2760E-07,-8.480E-04
-2.2720E-07,-1.043E-03
-2.2680E-07,-7.504E-04
-2.2640E-07,-8.480E-04
-2.2600E-07,-6.527E-04
-2.2560E-07,-3.598E-04
-2.2520E-07,-4.574E-04
-2.2480E-07,-2.621E-04
-2.2440E-07,-6.527E-04
-2.2400E-07,-7.504E-04
-2.2360E-07,-5.551E-04
-2.2320E-07,-8.480E-04
-2.2280E-07,-1.043E-03
-2.2240E-07,-1.239E-03
-2.2200E-07,-1.239E-03
-2.2160E-07,-1.043E-03
-2.2120E-07,-9.457E-04
-2.2080E-07,-5.551E-04
-2.2040E-07,-4.574E-04
-2.2000E-07,-9.457E-04
-2.1960E-07,-1.141E-03
-2.1920E-07,-6.527E-04
-2.1880E-07,-6.527E-04
-2.1840E-07,-1.043E-03
-2.1800E-07,-9.457E-04
-2.1760E-07,-9.457E-04
-2.1720E-07,-7.504E-04
-2.1680E-07,-5.551E-04
-2.1640E-07,-5.551E-04
-2.1600E-07,-4.574E-04
-2.1560E-07,-5.551E-04
-2.1520E-07,-3.598E-04
-2.1480E-07,-8.480E-04
-2.1440E-07,-1.043E-03
-2.1400E-07,-1.239E-03
-2.1360E-07,-8.480E-04
-2.1320E-07,-8.480E-04
-2.1280E-07,-8.480E-04
-2.1240E-07,-8.480E-04
-2.1200E-07,-3.598E-04
-2.1160E-07,-5.551E-04
-2.1120E-07,-8.480E-04
-2.1080E-07,-6.527E-04
-2.1040E-07,-9.457E-04
-2.1000E-07,-7.504E-04
-2.0960E-07,-9.457E-04
-2.0920E-07,-1.141E-03
-2.0880E-07,-9.457E-04
-2.0840E-07,-5.551E-04
-2.0800E-07,-9.457E-04
-2.0760E-07,-6.527E-04
-2.0720E-07,-7.504E-04
-2.0680E-07,-8.480E-04
-2.0640E-07,-8.480E-04
-2.0600E-07,-9.457E-04
-2.0560E-07,-9.457E-04
-2.0520E-07,-8.480E-04
-2.0480E-07,-7.504E-04
-2.0440E-07,-5.551E-04
-2.0400E-07,-5.551E-04
-2.0360E-07,-1.043E-03
-2.0320E-07,-1.043E-03
-2.0280E-07,-5.551E-04
-2.0240E-07,-6.527E-04
-2.0200E-07,-6.527E-04
-2.0160E-07,-8.480E-04
-2.0120E-07,-5.551E-04
-2.0080E-07,-1.239E-03
-2.0040E-07,-7.504E-04
-2.0000E-07,-6.527E-04
-1.9960E-07,-8.480E-04
-1.9920E-07,-8.480E-04
-1.9880E-07,-1.141E-03
-1.9840E-07,-6.527E-04
-1.9800E-07,-7.504E-04
-1.9760E-07,-9.457E-04
-1.9720E-07,-6.527E-04
-1.9680E-07,-8.480E-04
-1.9640E-07,-7.504E-04
-1.9600E-07,-4.574E-04
-1.9560E-07,-9.457E-04
-1.9520E-07,-7.504E-04
-1.9480E-07,-6.527E-04
-1.9440E-07,-9.457E-04
-1.9400E-07,-1.141E-03
-1.9360E-07,-6.527E-04
-1.9320E-07,-6.527E-04
-1.9280E-07,-6.527E-04
-1.9240E-07,-1.043E-03
-1.9200E-07,-8.480E-04
-1.9160E-07,-1.043E-03
-1.9120E-07,-8.480E-04
-1.9080E-07,-7.504E-04
-1.9040E-07,-8.480E-04
-1.9000E-07,-8.480E-04
-1.8960E-07,-8.480E-04
-1.8920E-07,-9.457E-04
-1.8880E-07,-9.457E-04
-1.8840E-07,-5.551E-04
-1.8800E-07,-4.574E-04
-1.8760E-07,-1.043E-03
-1.8720E-07,-1.336E-03
-1.8680E-07,-1.043E-03
-1.8640E-07,-9.457E-04
-1.8600E-07,-5.551E-04
-1.8560E-07,-5.551E-04
-1.8520E-07,-6.527E-04
-1.8480E-07,-9.457E-04
-1.8440E-07,-1.043E-03
-1.8400E-07,-6.527E-04
-1.8360E-07,-1.141E-03
-1.8320E-07,-9.457E-04
-1.8280E-07,-9.457E-04
-1.8240E-07,-1.043E-03
-1.8200E-07,-9.457E-04
-1.8160E-07,-6.527E-04
-1.8120E-07,-7.504E-04
-1.8080E-07,-7.504E-04
-1.8040E-07,-9.457E-04
-1.8000E-07,-7.504E-04
-1.7960E-07,-1.141E-03
-1.7920E-07,-1.141E-03
-1.7880E-07,-5.551E-04
-1.7840E-07,-5.551E-04
-1.7800E-07,-3.598E-04
-1.7760E-07,-5.551E-04
-1.7720E-07,-5.551E-04
-1.7680E-07,-6.527E-04
-1.7640E-07,-6.527E-04
-1.7600E-07,-5.551E-04
-1.7560E-07,-7.504E-04
-1.7520E-07,-1.043E-03
-1.7480E-07,-9.457E-04
-1.7440E-07,-5.551E-04
-1.7400E-07,-5.551E-04
-1.7360E-07,-8.480E-04
-1.7320E-07,-9.457E-04
-1.7280E-07,-7.504E-04
-1.7240E-07,-6.527E-04
-1.7200E-07,-5.551E-04
-1.7160E-07,-6.527E-04
-1.7120E-07,-6.527E-04
-1.7080E-07,-5.551E-04
-1.7040E-07,-5.551E-04
-1.7000E-07,-7.504E-04
-1.6960E-07,-1.043E-03
-1.6920E-07,-6.527E-04
-1.6880E-07,-4.574E-04
-1.6840E-07,-7.504E-04
-1.6800E-07,-9.457E-04
-1.6760E-07,-7.504E-04
-1.6720E-07,-1.043E-03
-1.6680E-07,-5.551E-04
-1.6640E-07,-9.457E-04
-1.6600E-07,-5.551E-04
-1.6560E-07,-5.551E-04
-1.6520E-07,-7.504E-04
-1.6480E-07,-7.504E-04
-1.6440E-07,-8.480E-04
-1.6400E-07,-1.239E-03
-1.6360E-07,-8.480E-04
-1.6320E-07,-8.480E-04
-1.6280E-07,-8.480E-04
-1.6240E-07,-6.527E-04
-1.6200E-07,-5.551E-04
-1.6160E-07,-1.239E-03
-1.6120E-07,-8.480E-04
-1.6080E-07,-9.457E-04
-1.6040E-07,-1.141E-03
-1.6000E-07,-1.043E-03
-1.5960E-07,-1.645E-04
-1.5920E-07,-5.551E-04
-1.5880E-07,-9.457E-04
-1.5840E-07,-1.043E-03
-1.5800E-07,-1.043E-03
-1.5760E-07,-6.527E-04
-1.5720E-07,-6.527E-04
-1.5680E-07,-3.598E-04
-1.5640E-07,-5.551E-04
-1.5600E-07,-9.457E-04
-1.5560E-07,-1.141E-03
-1.5520E-07,-6.527E-04
-1.5480E-07,-6.527E-04
-1.5440E-07,-6.527E-04
-1.5400E-07,-1.239E-03
-1.5360E-07,-6.527E-04
-1.5320E-07,-1.141E-03
-1.5280E-07,-9.457E-04
-1.5240E-07,-6.527E-04
-1.5200E-07,-6.527E-04
-1.5160E-07,-4.574E-04
-1.5120E-07,-5.551E-04
-1.5080E-07,-7.504E-04
-1.5040E-07,-8.480E-04
-1.5000E-07,-5.551E-04
-1.4960E-07,-6.527E-04
-1.4920E-07,-1.043E-03
-1.4880E-07,-8.480E-04
-1.4840E-07,-6.527E-04
-1.4800E-07,-8.480E-04
-1.4760E-07,-1.141E-03
-1.4720E-07,-4.574E-04
-1.4680E-07,-5.551E-04
-1.4640E-07,-6.527E-04
-1.4600E-07,-6.527E-04
-1.4560E-07,-5.551E-04
-1.4520E-07,-1.043E-03
-1.4480E-07,-1.141E-03
-1.4440E-07,-8.480E-04
-1.4400E-07,-9.457E-04
-1.4360E-07,-5.551E-04
-1.4320E-07,-8.480E-04
-1.4280E-07,-9.457E-04
-1.4240E-07,-8.480E-04
-1.4200E-07,-3.598E-04
-1.4160E-07,-8.480E-04
-1.4120E-07,-8.480E-04
-1.4080E-07,-8.480E-04
-1.4040E-07,-6.527E-04
-1.4000E-07,-7.504E-04
-1.3960E-07,-1.043E-03
-1.3920E-07,-9.457E-04
-1.3880E-07,-5.551E-04
-1.3840E-07,-1.434E-03
-1.3800E-07,-8.480E-04
-1.3760E-07,-8.480E-04
-1.3720E-07,-6.527E-04
-1.3680E-07,-1.043E-03
-1.3640E-07,-1.141E-03
-1.3600E-07,-6.527E-04
-1.3560E-07,-5.551E-04
-1.3520E-07,-5.551E-04
-1.3480E-07,-8.480E-04
-1.3440E-07,-8.480E-04
-1.3400E-07,-1.043E-03
-1.3360E-07,-7.504E-04
-1.3320E-07,-9.457E-04
-1.3280E-07,-5.551E-04
-1.3240E-07,-8.480E-04
-1.3200E-07,-8.480E-04
-1.3160E-07,-5.551E-04
-1.3120E-07,-7.504E-04
-1.3080E-07,-6.527E-04
-1.3040E-07,-9.457E-04
-1.3000E-07,-9.457E-04
-1.2960E-07,-3.598E-04
-1.2920E-07,-7.504E-04
-1.2880E-07,-5.551E-04
-1.2840E-07,-1.239E-03
-1.2800E-07,-7.504E-04
-1.2760E-07,-7.504E-04
-1.2720E-07,-1.043E-03
-1.2680E-07,-7.504E-04
-1.2640E-07,-9.457E-04
-1.2600E-07,-3.598E-04
-1.2560E-07,-6.527E-04
-1.2520E-07,-9.457E-04
-1.2480E-07,-4.574E-04
-1.2440E-07,-6.527E-04
-1.2400E-07,-8.480E-04
-1.2360E-07,-9.457E-04
-1.2320E-07,-8.480E-04
-1.2280E-07,-5.551E-04
-1.2240E-07,-5.551E-04
-1.2200E-07,-8.480E-04
-1.2160E-07,-6.527E-04
-1.2120E-07,-8.480E-04
-1.2080E-07,-8.480E-04
-1.2040E-07,-8.480E-04
-1.2000E-07,-9.457E-04
-1.1960E-07,-9.457E-04
-1.1920E-07,-7.504E-04
-1.1880E-07,-1.043E-03
-1.1840E-07,-8.480E-04
-1.1800E-07,-4.574E-04
-1.1760E-07,-9.457E-04
-1.1720E-07,-8.480E-04
-1.1680E-07,-8.480E-04
-1.1640E-07,-5.551E-04
-1.1600E-07,-4.574E-04
-1.1560E-07,-7.504E-04
-1.1520E-07,-5.551E-04
-1.1480E-07,-7.504E-04
-1.1440E-07,-5.551E-04
-1.1400E-07,-7.504E-04
-1.1360E-07,-5.551E-04
-1.1320E-07,-6.527E-04
-1.1280E-07,-8.480E-04
-1.1240E-07,-9.457E-04
-1.1200E-07,-1.043E-03
-1.1160E-07,-9.457E-04
-1.1120E-07,-1.239E-03
-1.1080E-07,-1.434E-03
-1.1040E-07,-1.532E-03
-1.1000E-07,-1.141E-03
-1.0960E-07,-9.457E-04
-1.0920E-07,-9.457E-04
-1.0880E-07,-7.504E-04
-1.0840E-07,-1.336E-03
-1.0800E-07,-9.457E-04
-1.0760E-07,-9.457E-04
-1.0720E-07,-1.043E-03
-1.0680E-07,-5.551E-04
-1.0640E-07,-5.551E-04
-1.0600E-07,-5.551E-04
-1.0560E-07,-6.527E-04
-1.0520E-07,-7.504E-04
-1.0480E-07,-7.504E-04
-1.0440E-07,-5.551E-04
-1.0400E-07,-1.645E-04
-1.0360E-07,2.262E-04
-1.0320E-07,5.191E-04
-1.0280E-07,5.191E-04
-1.0240E-07,9.098E-04
-1.0200E-07,1.593E-03
-1.0160E-07,1.984E-03
-1.0120E-07,3.058E-03
-1.0080E-07,3.742E-03
-1.0040E-07,4.718E-03
-1.0000E-07,5.109E-03
-9.9600E-08,5.695E-03
-9.9200E-08,6.476E-03
-9.8800E-08,7.062E-03
-9.8400E-08,8.136E-03
-9.8000E-08,8.332E-03
-9.7600E-08,8.332E-03
-9.7200E-08,8.820E-03
-9.6800E-08,8.918E-03
-9.6400E-08,9.211E-03
-9.6000E-08,9.796E-03
-9.5600E-08,9.601E-03
-9.5200E-08,1.019E-02
-9.4800E-08,1.116E-02
-9.4400E-08,1.126E-02
-9.4000E-08,1.116E-02
-9.3600E-08,1.175E-02
-9.3200E-08,1.243E-02
-9.2800E-08,1.243E-02
-9.2400E-08,1.273E-02
-9.2000E-08,1.292E-02
-9.1600E-08,1.321E-02
-9.1200E-08,1.380E-02
-9.0800E-08,1.458E-02
-9.0400E-08,1.478E-02
-9.0000E-08,1.507E-02
-8.9600E-08,1.556E-02
-8.9200E-08,1.566E-02
-8.8800E-08,1.556E-02
-8.8400E-08,1.605E-02
-8.8000E-08,1.624E-02
-8.7600E-08,1.644E-02
-8.7200E-08,1.663E-02
-8.6800E-08,1.683E-02
-8.6400E-08,1.712E-02
-8.6000E-08,1.751E-02
-8.5600E-08,1.741E-02
-8.5200E-08,1.790E-02
-8.4800E-08,1.810E-02
-8.4400E-08,1.819E-02
-8.4000E-08,1.878E-02
-8.3600E-08,1.868E-02
-8.3200E-08,1.898E-02
-8.2800E-08,1.917E-02
-8.2400E-08,1.946E-02
-8.2000E-08,1.976E-02
-8.1600E-08,1.995E-02
-8.1200E-08,2.054E-02
-8.0800E-08,2.054E-02
-8.0400E-08,2.064E-02
-8.0000E-08,2.073E-02
-7.9600E-08,2.132E-02
-7.9200E-08,2.142E-02
-7.8800E-08,2.171E-02
-7.8400E-08,2.200E-02
-7.8000E-08,2.230E-02
-7.7600E-08,2.239E-02
-7.7200E-08,2.308E-02
-7.6800E-08,2.259E-02
-7.6400E-08,2.318E-02
-7.6000E-08,2.308E-02
-7.5600E-08,2.298E-02
-7.5200E-08,2.386E-02
-7.4800E-08,2.357E-02
-7.4400E-08,2.386E-02
-7.4000E-08,2.454E-02
-7.3600E-08,2.454E-02
-7.3200E-08,2.454E-02
-7.2800E-08,2.503E-02
-7.2400E-08,2.484E-02
-7.2000E-08,2.513E-02
-7.1600E-08,2.523E-02
-7.1200E-08,2.552E-02
-7.0800E-08,2.532E-02
-7.0400E-08,2.620E-02
-7.0000E-08,2.562E-02
-6.9600E-08,2.630E-02
-6.9200E-08,2.620E-02
-6.8800E-08,2.669E-02
-6.8400E-08,2.669E-02
-6.8000E-08,2.669E-02
-6.7600E-08,2.669E-02
-6.7200E-08,2.679E-02
-6.6800E-08,2.698E-02
-6.6400E-08,2.708E-02
-6.6000E-08,2.747E-02
-6.5600E-08,2.708E-02
-6.5200E-08,2.767E-02
-6.4800E-08,2.747E-02
-6.4400E-08,2.757E-02
-6.4000E-08,2.806E-02
-6.3600E-08,2.845E-02
-6.3200E-08,2.796E-02
-6.2800E-08,2.816E-02
-6.2400E-08,2.835E-02
-6.2000E-08,2.864E-02
-6.1600E-08,2.884E-02
-6.1200E-08,2.894E-02
-6.0800E-08,2.903E-02
-6.0400E-08,2.913E-02
-6.0000E-08,2.913E-02
-5.9600E-08,2.933E-02
-5.9200E-08,2.933E-02
-5.8800E-08,2.943E-02
-5.8400E-08,2.952E-02
-5.8000E-08,2.923E-02
-5.7600E-08,2.982E-02
-5.7200E-08,2.982E-02
-5.6800E-08,2.943E-02
-5.6400E-08,2.903E-02
-5.6000E-08,2.933E-02
-5.5600E-08,2.952E-02
-5.5200E-08,2.982E-02
-5.4800E-08,2.943E-02
-5.4400E-08,3.001E-02
-5.4000E-08,2.982E-02
-5.3600E-08,2.982E-02
-5.3200E-08,2.991E-02
-5.2800E-08,3.001E-02
-5.2400E-08,3.001E-02
-5.2000E-08,2.991E-02
-5.1600E-08,3.011E-02
-5.1200E-08,3.040E-02
-5.0800E-08,3.099E-02
-5.0400E-08,3.099E-02
-5.0000E-08,3.079E-02
-4.9600E-08,3.099E-02
-4.9200E-08,3.099E-02
-4.8800E-08,3.109E-02
-4.8400E-08,3.128E-02
-4.8000E-08,3.060E-02
-4.7600E-08,3.040E-02
-4.7200E-08,2.972E-02
-4.6800E-08,3.001E-02
-4.6400E-08,2.962E-02
-4.6000E-08,2.991E-02
-4.5600E-08,2.991E-02
-4.5200E-08,2.962E-02
-4.4800E-08,2.991E-02
-4.4400E-08,2.933E-02
-4.4000E-08,2.972E-02
-4.3600E-08,2.962E-02
-4.3200E-08,2.952E-02
-4.2800E-08,2.923E-02
-4.2400E-08,2.913E-02
-4.2000E-08,2.903E-02
-4.1600E-08,2.845E-02
-4.1200E-08,2.845E-02
-4.0800E-08,2.874E-02
-4.0400E-08,2.816E-02
-4.0000E-08,2.806E-02
-3.9600E-08,2.747E-02
-3.9200E-08,2.747E-02
-3.8800E-08,2.669E-02
-3.8400E-08,2.620E-02
-3.8000E-08,2.601E-02
-3.7600E-08,2.562E-02
-3.7200E-08,2.542E-02
-3.6800E-08,2.581E-02
-3.6400E-08,2.611E-02
-3.6000E-08,2.523E-02
-3.5600E-08,2.532E-02
-3.5200E-08,2.513E-02
-3.4800E-08,2.542E-02
-3.4400E-08,2.523E-02
-3.4000E-08,2.484E-02
-3.3600E-08,2.484E-02
-3.3200E-08,2.474E-02
-3.2800E-08,2.415E-02
-3.2400E-08,2.386E-02
-3.2000E-08,2.366E-02
-3.1600E-08,2.318E-02
-3.1200E-08,2.298E-02
-3.0800E-08,2.259E-02
-3.0400E-08,2.200E-02
-3.0000E-08,2.191E-02
-2.9600E-08,2.161E-02
-2.9200E-08,2.152E-02
-2.8800E-08,2.142E-02
-2.8400E-08,2.132E-02
-2.8000E-08,2.054E-02
-2.7600E-08,2.044E-02
-2.7200E-08,2.034E-02
-2.6800E-08,2.015E-02
-2.6400E-08,2.025E-02
-2.6000E-08,1.976E-02
-2.5600E-08,1.946E-02
-2.5200E-08,1.956E-02
-2.4800E-08,1.937E-02
-2.4400E-08,1.868E-02
-2.4000E-08,1.878E-02
-2.3600E-08,1.839E-02
-2.3200E-08,1.839E-02
-2.2800E-08,1.780E-02
-2.2400E-08,1.800E-02
-2.2000E-08,1.741E-02
-2.1600E-08,1.741E-02
-2.1200E-08,1.712E-02
-2.0800E-08,1.693E-02
-2.0400E-08,1.663E-02
-2.0000E-08,1.653E-02
-1.9600E-08,1.614E-02
-1.9200E-08,1.605E-02
-1.8800E-08,1.634E-02
-1.8400E-08,1.546E-02
-1.8000E-08,1.497E-02
-1.7600E-08,1.458E-02
-1.7200E-08,1.487E-02
-1.6800E-08,1.439E-02
-1.6400E-08,1.419E-02
-1.6000E-08,1.429E-02
-1.5600E-08,1.409E-02
-1.5200E-08,1.400E-02
-1.4800E-08,1.409E-02
-1.4400E-08,1.370E-02
-1.4000E-08,1.253E-02
-1.3600E-08,1.321E-02
-1.3200E-08,1.263E-02
-1.2800E-08,1.234E-02
-1.2400E-08,1.234E-02
-1.2000E-08,1.224E-02
-1.1600E-08,1.194E-02
-1.1200E-08,1.185E-02
-1.0800E-08,1.194E-02
-1.0400E-08,1.155E-02
-1.0000E-08,1.136E-02
-9.6000E-09,1.116E-02
-9.2000E-09,1.107E-02
-8.8000E-09,1.077E-02
-8.4000E-09,1.019E-02
-8.0000E-09,1.019E-02
-7.6000E-09,9.992E-03
-7.2000E-09,9.992E-03
-6.8000E-09,9.992E-03
-6.4000E-09,1.038E-02
-6.0000E-09,9.796E-03
-5.6000E-09,9.601E-03
-5.2000E-09,9.601E-03
-4.8000E-09,9.406E-03
-4.4000E-09,9.406E-03
-4.0000E-09,9.406E-03
-3.6000E-09,9.406E-03
-3.2000E-09,8.820E-03
-2.8000E-09,8.136E-03
-2.4000E-09,8.039E-03
-2.0000E-09,8.136E-03
-1.6000E-09,8.234E-03
-1.2000E-09,7.941E-03
-8.0000E-10,7.453E-03
-4.0000E-10,7.062E-03
1.5000E-22,7.550E-03
4.0000E-10,7.355E-03
8.0000E-10,7.257E-03
1.2000E-09,6.964E-03
1.6000E-09,6.769E-03
2.0000E-09,6.867E-03
2.4000E-09,6.867E-03
2.8000E-09,6.671E-03
3.2000E-09,6.671E-03
3.6000E-09,6.769E-03
4.0000E-09,6.769E-03
4.4000E-09,6.574E-03
4.8000E-09,6.281E-03
5.2000E-09,6.281E-03
5.6000E-09,6.086E-03
6.0000E-09,5.988E-03
6.4000E-09,5.500E-03
6.8000E-09,5.304E-03
7.2000E-09,5.402E-03
7.6000E-09,5.207E-03
8.0000E-09,5.402E-03
8.4000E-09,5.011E-03
8.8000E-09,4.621E-03
9.2000E-09,4.621E-03
9.6000E-09,4.523E-03
1.0000E-08,4.621E-03
1.0400E-08,4.523E-03
1.0800E-08,4.230E-03
1.1200E-08,4.328E-03
1.1600E-08,4.230E-03
1.2000E-08,4.230E-03
1.2400E-08,4.230E-03
1.2800E-08,4.425E-03
1.3200E-08,4.132E-03
1.3600E-08,4.230E-03
1.4000E-08,4.132E-03
1.4400E-08,3.937E-03
1.4800E-08,3.742E-03
1.5200E-08,3.742E-03
1.5600E-08,3.546E-03
1.6000E-08,3.254E-03
1.6400E-08,3.254E-03
1.6800E-08,3.254E-03
1.7200E-08,3.351E-03
1.7600E-08,3.156E-03
1.8000E-08,2.570E-03
1.8400E-08,3.058E-03
1.8800E-08,2.863E-03
1.9200E-08,2.765E-03
1.9600E-08,2.765E-03
2.0000E-08,2.668E-03
2.0400E-08,2.863E-03
2.0800E-08,2.668E-03
2.1200E-08,2.570E-03
2.1600E-08,2.570E-03
2.2000E-08,3.058E-03
2.2400E-08,2.765E-03
2.2800E-08,2.668E-03
2.3200E-08,2.277E-03
2.3600E-08,2.472E-03
2.4000E-08,2.179E-03
2.4400E-08,1.789E-03
2.4800E-08,2.179E-03
2.5200E-08,1.886E-03
2.5600E-08,1.886E-03
2.6000E-08,1.886E-03
2.6400E-08,1.886E-03
2.6800E-08,1.496E-03
2.7200E-08,1.593E-03
2.7600E-08,1.593E-03
2.8000E-08,1.789E-03
2.8400E-08,1.300E-03
2.8800E-08,1.300E-03
2.9200E-08,1.691E-03
2.9600E-08,1.105E-03
3.0000E-08,1.203E-03
3.0400E-08,1.496E-03
3.0800E-08,1.398E-03
3.1200E-08,1.398E-03
3.1600E-08,1.593E-03
3.2000E-08,1.886E-03
3.2400E-08,1.398E-03
3.2800E-08,1.593E-03
3.3200E-08,1.300E-03
3.3600E-08,1.007E-03
3.4000E-08,1.203E-03
3.4400E-08,1.203E-03
3.4800E-08,1.300E-03
3.5200E-08,9.098E-04
3.5600E-08,1.007E-03
3.6000E-08,6.168E-04
3.6400E-08,1.007E-03
3.6800E-08,9.098E-04
3.7200E-08,1.007E-03
3.7600E-08,7.145E-04
3.8000E-08,9.098E-04
3.8400E-08,1.007E-03
3.8800E-08,1.300E-03
3.9200E-08,8.121E-04
3.9600E-08,6.168E-04
4.0000E-08,6.168E-04
4.0400E-08,1.203E-03
4.0800E-08,1.007E-03
4.1200E-08,8.121E-04
4.1600E-08,9.098E-04
4.2000E-08,4.215E-04
4.2400E-08,4.215E-04
4.2800E-08,1.105E-03
4.3200E-08,9.098E-04
4.3600E-08,6.168E-04
4.4000E-08,6.168E-04
4.4400E-08,5.191E-04
4.4800E-08,5.191E-04
4.5200E-08,5.191E-04
4.5600E-08,6.168E-04
4.6000E-08,4.215E-04
4.6400E-08,1.285E-04
4.6800E-08,3.238E-04
4.7200E-08,5.191E-04
4.7600E-08,5.191E-04
4.8000E-08,-1.645E-04
4.8400E-08,-6.680E-05
4.8800E-08,1.285E-04
4.9200E-08,3.238E-04
4.9600E-08,1.285E-04
5.0000E-08,3.238E-04
5.0400E-08,8.121E-04
5.0800E-08,2.262E-04
5.1200E-08,2.262E-04
5.1600E-08,2.262E-04
5.2000E-08,-3.598E-04
5.2400E-08,2.262E-04
5.2800E-08,5.191E-04
5.3200E-08,5.191E-04
5.3600E-08,2.262E-04
5.4000E-08,3.086E-05
5.4400E-08,-1.645E-04
5.4800E-08,-6.680E-05
5.5200E-08,-3.598E-04
5.5600E-08,-4.574E-04
5.6000E-08,-6.680E-05
5.6400E-08,7.145E-04
5.6800E-08,1.285E-04
5.7200E-08,-2.621E-04
5.7600E-08,-1.645E-04
5.8000E-08,-1.645E-04
5.8400E-08,3.086E-05
5.8800E-08,-1.645E-04
5.9200E-08,3.086E-05
5.9600E-08,1.285E-04
6.0000E-08,3.086E-05
6.0400E-08,-1.645E-04
6.0800E-08,1.285E-04
6.1200E-08,-1.645E-04
6.1600E-08,3.086E-05
6.2000E-08,-1.645E-04
6.2400E-08,-1.645E-04
6.2800E-08,-1.645E-04
6.3200E-08,3.238E-04
6.3600E-08,1.285E-04
6.4000E-08,-6.680E-05
6.4400E-08,1.285E-04
6.4800E-08,-5.551E-04
6.5200E-08,-5.551E-04
6.5600E-08,-6.680E-05
6.6000E-08,-1.645E-04
6.6400E-08,3.086E-05
6.6800E-08,-2.621E-04
6.7200E-08,2.262E-04
6.7600E-08,3.086E-05
6.8000E-08,4.215E-04
6.8400E-08,-3.598E-04
6.8800E-08,-5.551E-04
6.9200E-08,1.285E-04
6.9600E-08,-1.645E-04
7.0000E-08,-2.621E-04
7.0400E-08,-3.598E-04
7.0800E-08,1.285E-04
7.1200E-08,-6.680E-05
7.1600E-08,1.285E-04
7.2000E-08,-1.645E-04
7.2400E-08,-2.621E-04
7.2800E-08,-4.574E-04
7.3200E-08,-4.574E-04
7.3600E-08,-6.680E-05
7.4000E-08,-2.621E-04
7.4400E-08,-3.598E-04
7.4800E-08,-5.551E-04
7.5200E-08,-2.621E-04
7.5600E-08,-6.527E-04
7.6000E-08,-3.598E-04
7.6400E-08,-2.621E-04
7.6800E-08,-5.551E-04
7.7200E-08,-1.645E-04
7.7600E-08,-3.598E-04
7.8000E-08,-5.551E-04
7.8400E-08,-3.598E-04
7.8800E-08,-6.680E-05
7.9200E-08,-1.645E-04
7.9600E-08,1.285E-04
8.0000E-08,-5.551E-04
8.0400E-08,-2.621E-04
8.0800E-08,-4.574E-04
8.1200E-08,-3.598E-04
8.1600E-08,-2.621E-04
8.2000E-08,-3.598E-04
8.2400E-08,-7.504E-04
8.2800E-08,-1.645E-04
8.3200E-08,-3.598E-04
8.3600E-08,-5.551E-04
8.4000E-08,-3.598E-04
8.4400E-08,-6.527E-04
8.4800E-08,-6.527E-04
8.5200E-08,-5.551E-04
8.5600E-08,-1.645E-04
8.6000E-08,-6.527E-04
8.6400E-08,-5.551E-04
8.6800E-08,-5.551E-04
8.7200E-08,-5.551E-04
8.7600E-08,-2.621E-04
8.8000E-08,-4.574E-04
8.8400E-08,-4.574E-04
8.8800E-08,-5.551E-04
8.9200E-08,-7.504E-04
8.9600E-08,-7.504E-04
9.0000E-08,-5.551E-04
9.0400E-08,-2.621E-04
9.0800E-08,-6.527E-04
9.1200E-08,-4.574E-04
9.1600E-08,-4.574E-04
9.2000E-08,-5.551E-04
9.2400E-08,-4.574E-04
9.2800E-08,-7.504E-04
9.3200E-08,-2.621E-04
9.3600E-08,-4.574E-04
9.4000E-08,-8.480E-04
9.4400E-08,-3.598E-04
9.4800E-08,-4.574E-04
9.5200E-08,-2.621E-04
9.5600E-08,-3.598E-04
9.6000E-08,-2.621E-04
9.6400E-08,-6.527E-04
9.6800E-08,-4.574E-04
9.7200E-08,-4.574E-04
9.7600E-08,-2.621E-04
9.8000E-08,-4.574E-04
9.8400E-08,-3.598E-04
9.8800E-08,-4.574E-04
9.9200E-08,-5.551E-04
9.9600E-08,-2.621E-04
1.0000E-07,-4.574E-04
1.0040E-07,-8.480E-04
1.0080E-07,-5.551E-04
1.0120E-07,-1.645E-04
1.0160E-07,-5.551E-04
1.0200E-07,-7.504E-04
1.0240E-07,-5.551E-04
1.0280E-07,3.086E-05
1.0320E-07,-6.680E-05
1.0360E-07,-4.574E-04
1.0400E-07,-2.621E-04
1.0440E-07,-1.645E-04
1.0480E-07,-2.621E-04
1.0520E-07,-7.504E-04
1.0560E-07,-3.598E-04
1.0600E-07,-2.621E-04
1.0640E-07,-6.527E-04
1.0680E-07,-6.527E-04
1.0720E-07,-6.527E-04
1.0760E-07,-3.598E-04
1.0800E-07,-1.043E-03
1.0840E-07,-4.574E-04
1.0880E-07,-7.504E-04
1.0920E-07,-5.551E-04
1.0960E-07,-1.645E-04
1.1000E-07,-2.621E-04
1.1040E-07,-2.621E-04
1.1080E-07,-6.527E-04
1.1120E-07,-5.551E-04
1.1160E-07,-6.527E-04
1.1200E-07,-2.621E-04
1.1240E-07,-3.598E-04
1.1280E-07,-9.457E-04
1.1320E-07,-6.527E-04
1.1360E-07,-2.621E-04
1.1400E-07,-2.621E-04
1.1440E-07,-4.574E-04
1.1480E-07,-3.598E-04
1.1520E-07,-2.621E-04
1.1560E-07,-8.480E-04
1.1600E-07,-3.598E-04
1.1640E-07,-4.574E-04
1.1680E-07,-3.598E-04
1.1720E-07,-7.504E-04
1.1760E-07,-5.551E-04
1.1800E-07,-5.551E-04
1.1840E-07,-4.574E-04
1.1880E-07,-8.480E-04
1.1920E-07,-4.574E-04
1.1960E-07,-5.551E-04
1.2000E-07,-5.551E-04
1.2040E-07,-7.504E-04
1.2080E-07,-1.645E-04
1.2120E-07,-7.504E-04
1.2160E-07,-9.457E-04
1.2200E-07,-5.551E-04
1.2240E-07,-3.598E-04
1.2280E-07,-8.480E-04
1.2320E-07,-5.551E-04
1.2360E-07,-2.621E-04
1.2400E-07,-3.598E-04
1.2440E-07,-5.551E-04
1.2480E-07,-6.527E-04
1.2520E-07,-6.527E-04
1.2560E-07,-4.574E-04
1.2600E-07,-8.480E-04
1.2640E-07,-4.574E-04
1.2680E-07,-1.645E-04
1.2720E-07,-5.551E-04
1.2760E-07,-7.504E-04
1.2800E-07,-5.551E-04
1.2840E-07,-6.527E-04
1.2880E-07,-7.504E-04
1.2920E-07,-8.480E-04
1.2960E-07,-8.480E-04
1.3000E-07,-3.598E-04
1.3040E-07,-4.574E-04
1.3080E-07,-5.551E-04
1.3120E-07,-5.551E-04
1.3160E-07,-7.504E-04
1.3200E-07,-4.574E-04
1.3240E-07,-4.574E-04
1.3280E-07,-9.457E-04
1.3320E-07,-7.504E-04
1.3360E-07,-8.480E-04
1.3400E-07,-5.551E-04
1.3440E-07,-8.480E-04
1.3480E-07,-1.043E-03
1.3520E-07,-5.551E-04
1.3560E-07,-5.551E-04
1.3600E-07,-5.551E-04
1.3640E-07,-5.551E-04
1.3680E-07,-7.504E-04
1.3720E-07,-6.527E-04
1.3760E-07,-8.480E-04
1.3800E-07,-3.598E-04
1.3840E-07,-2.621E-04
1.3880E-07,-1.043E-03
1.3920E-07,-4.574E-04
1.3960E-07,-7.504E-04
1.4000E-07,-6.527E-04
1.4040E-07,-7.504E-04
1.4080E-07,-3.598E-04
1.4120E-07,-6.527E-04
1.4160E-07,-6.680E-05
1.4200E-07,-8.480E-04
1.4240E-07,-8.480E-04
1.4280E-07,-5.551E-04
1.4320E-07,-5.551E-04
1.4360E-07,-5.551E-04
1.4400E-07,-9.457E-04
1.4440E-07,-1.141E-03
1.4480E-07,-8.480E-04
1.4520E-07,-6.527E-04
1.4560E-07,-8.480E-04
1.4600E-07,-6.527E-04
1.4640E-07,-5.551E-04
1.4680E-07,-6.527E-04
1.4720E-07,-5.551E-04
1.4760E-07,-9.457E-04
1.4800E-07,-4.574E-04
1.4840E-07,-2.621E-04
1.4880E-07,-7.504E-04
1.4920E-07,-4.574E-04
1.4960E-07,-4.574E-04
1.5000E-07,-6.527E-04
1.5040E-07,-6.527E-04
1.5080E-07,-8.480E-04
1.5120E-07,-5.551E-04
1.5160E-07,-1.141E-03
1.5200E-07,-6.527E-04
1.5240E-07,-8.480E-04
1.5280E-07,-9.457E-04
1.5320E-07,-5.551E-04
1.5360E-07,-9.457E-04
1.5400E-07,-5.551E-04
1.5440E-07,-7.504E-04
1.5480E-07,-8.480E-04
1.5520E-07,-5.551E-04
1.5560E-07,-2.621E-04
1.5600E-07,-3.598E-04
1.5640E-07,-8.480E-04
1.5680E-07,-5.551E-04
1.5720E-07,-7.504E-04
1.5760E-07,-7.504E-04
1.5800E-07,-7.504E-04
1.5840E-07,-5.551E-04
1.5880E-07,-5.551E-04
1.5920E-07,-5.551E-04
1.5960E-07,-7.504E-04
1.6000E-07,-9.457E-04
1.6040E-07,-4.574E-04
1.6080E-07,-5.551E-04
1.6120E-07,-5.551E-04
1.6160E-07,-8.480E-04
1.6200E-07,-1.043E-03
1.6240E-07,-7.504E-04
1.6280E-07,-6.527E-04
1.6320E-07,-8.480E-04
1.6360E-07,-7.504E-04
1.6400E-07,-8.480E-04
1.6440E-07,-9.457E-04
1.6480E-07,-1.141E-03
1.6520E-07,-8.480E-04
1.6560E-07,-5.551E-04
1.6600E-07,-9.457E-04
1.6640E-07,-8.480E-04
1.6680E-07,-8.480E-04
1.6720E-07,-1.141E-03
1.6760E-07,-1.043E-03
1.6800E-07,-6.527E-04
1.6840E-07,-5.551E-04
1.6880E-07,-8.480E-04
1.6920E-07,-9.457E-04
1.6960E-07,-8.480E-04
1.7000E-07,-7.504E-04
1.7040E-07,-7.504E-04
1.7080E-07,-7.504E-04
1.7120E-07,-7.504E-04
1.7160E-07,-7.504E-04
1.7200E-07,-1.043E-03
1.7240E-07,-1.141E-03
1.7280E-07,-4.574E-04
1.7320E-07,-5.551E-04
1.7360E-07,-9.457E-04
1.7400E-07,-7.504E-04
1.7440E-07,-9.457E-04
1.7480E-07,-2.621E-04
1.7520E-07,-3.598E-04
1.7560E-07,-5.551E-04
1.7600E-07,-7.504E-04
1.7640E-07,-7.504E-04
1.7680E-07,-8.480E-04
1.7720E-07,-6.527E-04
1.7760E-07,-1.645E-04
1.7800E-07,-5.551E-04
1.7840E-07,-8.480E-04
1.7880E-07,-1.645E-04
1.7920E-07,-5.551E-04
1.7960E-07,-8.480E-04
1.8000E-07,-4.574E-04
1.8040E-07,-5.551E-04
1.8080E-07,-4.574E-04
1.8120E-07,-8.480E-04
1.8160E-07,-5.551E-04
1.8200E-07,-1.043E-03
1.8240E-07,-7.504E-04
1.8280E-07,-5.551E-04
1.8320E-07,-6.527E-04
1.8360E-07,-3.598E-04
1.8400E-07,-6.527E-04
1.8440E-07,-9.457E-04
1.8480E-07,-9.457E-04
1.8520E-07,-9.457E-04
1.8560E-07,-9.457E-04
1.8600E-07,-1.141E-03
1.8640E-07,-1.043E-03
1.8680E-07,-9.457E-04
1.8720E-07,-5.551E-04
1.8760E-07,-3.598E-04
1.8800E-07,-8.480E-04
1.8840E-07,-8.480E-04
1.8880E-07,-5.551E-04
1.8920E-07,-3.598E-04
1.8960E-07,-1.645E-04
1.9000E-07,-8.480E-04
1.9040E-07,-8.480E-04
1.9080E-07,-5.551E-04
1.9120E-07,-7.504E-04
1.9160E-07,-1.043E-03
1.9200E-07,-9.457E-04
1.9240E-07,-6.527E-04
1.9280E-07,-5.551E-04
1.9320E-07,-7.504E-04
1.9360E-07,-5.551E-04
1.9400E-07,-2.621E-04
1.9440E-07,-6.527E-04
1.9480E-07,-6.527E-04
1.9520E-07,-4.574E-04
1.9560E-07,-6.527E-04
1.9600E-07,-3.598E-04
1.9640E-07,-6.527E-04
1.9680E-07,-4.574E-04
1.9720E-07,-9.457E-04
1.9760E-07,-4.574E-04
1.9800E-07,-6.527E-04
1.9840E-07,-1.141E-03
1.9880E-07,-2.621E-04
1.9920E-07,-1.645E-04
1.9960E-07,-6.527E-04
2.0000E-07,-5.551E-04
2.0040E-07,-9.457E-04
2.0080E-07,-1.141E-03
2.0120E-07,-9.457E-04
2.0160E-07,-7.504E-04
2.0200E-07,-9.457E-04
2.0240E-07,-9.457E-04
2.0280E-07,-8.480E-04
2.0320E-07,-7.504E-04
2.0360E-07,-8.480E-04
2.0400E-07,-2.621E-04
2.0440E-07,-6.527E-04
2.0480E-07,-7.504E-04
2.0520E-07,-2.621E-04
2.0560E-07,-7.504E-04
2.0600E-07,-5.551E-04
2.0640E-07,-5.551E-04
2.0680E-07,-2.621E-04
2.0720E-07,1.285E-04
2.0760E-07,-7.504E-04
2.0800E-07,-8.480E-04
2.0840E-07,-2.621E-04
2.0880E-07,-8.480E-04
2.0920E-07,-5.551E-04
2.0960E-07,-4.574E-04
2.1000E-07,-6.527E-04
2.1040E-07,-4.574E-04
2.1080E-07,-4.574E-04
2.1120E-07,-9.457E-04
2.1160E-07,-2.621E-04
2.1200E-07,-5.551E-04
2.1240E-07,-8.480E-04
2.1280E-07,-1.043E-03
2.1320E-07,-7.504E-04
2.1360E-07,-4.574E-04
2.1400E-07,-8.480E-04
2.1440E-07,-7.504E-04
2.1480E-07,-6.527E-04
2.1520E-07,-4.574E-04
2.1560E-07,-8.480E-04
2.1600E-07,-6.527E-04
2.1640E-07,-5.551E-04
2.1680E-07,-6.527E-04
2.1720E-07,-7.504E-04
2.1760E-07,-5.551E-04
2.1800E-07,-3.598E-04
2.1840E-07,-6.527E-04
2.1880E-07,-6.527E-04
2.1920E-07,-5.551E-04
2.1960E-07,-8.480E-04
2.2000E-07,-4.574E-04
2.2040E-07,-6.527E-04
2.2080E-07,-6.527E-04
2.2120E-07,-1.141E-03
2.2160E-07,-8.480E-04
2.2200E-07,-4.574E-04
2.2240E-07,-1.043E-03
2.2280E-07,-1.141E-03
2.2320E-07,-8.480E-04
2.2360E-07,-7.504E-04
2.2400E-07,-7.504E-04
2.2440E-07,-5.551E-04
2.2480E-07,-5.551E-04
2.2520E-07,-4.574E-04
2.2560E-07,-5.551E-04
2.2600E-07,-4.574E-04
2.2640E-07,-7.504E-04
2.2680E-07,-9.457E-04
2.2720E-07,-1.043E-03
2.2760E-07,-5.551E-04
2.2800E-07,-6.527E-04
2.2840E-07,-1.141E-03
2.2880E-07,-4.574E-04
2.2920E-07,-7.504E-04
2.2960E-07,-5.551E-04
2.3000E-07,-9.457E-04
2.3040E-07,-9.457E-04
2.3080E-07,-8.480E-04
2.3120E-07,-8.480E-04
2.3160E-07,-9.457E-04
2.3200E-07,-8.480E-04
2.3240E-07,-8.480E-04
2.3280E-07,-6.527E-04
2.3320E-07,-6.527E-04
2.3360E-07,-8.480E-04
2.3400E-07,-5.551E-04
2.3440E-07,-6.527E-04
2.3480E-07,-9.457E-04
2.3520E-07,-5.551E-04
2.3560E-07,-8.480E-04
2.3600E-07,-5.551E-04
2.3640E-07,-3.598E-04
2.3680E-07,-3.598E-04
2.3720E-07,-9.457E-04
2.3760E-07,-7.504E-04
2.3800E-07,-6.527E-04
2.3840E-07,-1.141E-03
2.3880E-07,-8.480E-04
2.3920E-07,-5.551E-04
2.3960E-07,-7.504E-04
2.4000E-07,-1.141E-03
2.4040E-07,-1.043E-03
2.4080E-07,-8.480E-04
2.4120E-07,-8.480E-04
2.4160E-07,-4.574E-04
2.4200E-07,-7.504E-04
2.4240E-07,-3.598E-04
2.4280E-07,-1.043E-03
2.4320E-07,-9.457E-04
2.4360E-07,-8.480E-04
2.4400E-07,-1.239E-03
2.4440E-07,-7.504E-04
2.4480E-07,-5.551E-04
2.4520E-07,-8.480E-04
2.4560E-07,-5.551E-04
2.4600E-07,-9.457E-04
2.4640E-07,-7.504E-04
2.4680E-07,-2.621E-04
2.4720E-07,-6.527E-04
2.4760E-07,-4.574E-04
2.4800E-07,-4.574E-04
2.4840E-07,-5.551E-04
2.4880E-07,-4.574E-04
2.4920E-07,-7.504E-04
2.4960E-07,-1.141E-03
2.5000E-07,-7.504E-04
2.5040E-07,-6.527E-04
2.5080E-07,-5.551E-04
2.5120E-07,-8.480E-04
2.5160E-07,-7.504E-04
2.5200E-07,-1.141E-03
2.5240E-07,-8.480E-04
2.5280E-07,-8.480E-04
2.5320E-07,-5.551E-04
2.5360E-07,-9.457E-04
2.5400E-07,-4.574E-04
2.5440E-07,-4.574E-04
2.5480E-07,-6.527E-04
2.5520E-07,-8.480E-04
2.5560E-07,-3.598E-04
2.5600E-07,-5.551E-04
2.5640E-07,-6.527E-04
2.5680E-07,-5.551E-04
2.5720E-07,-1.043E-03
2.5760E-07,-8.480E-04
2.5800E-07,-7.504E-04
2.5840E-07,-5.551E-04
2.5880E-07,-8.480E-04
2.5920E-07,-7.504E-04
2.5960E-07,-6.527E-04
2.6000E-07,-1.141E-03
2.6040E-07,-6.527E-04
2.6080E-07,-4.574E-04
2.6120E-07,-8.480E-04
2.6160E-07,-9.457E-04
2.6200E-07,-4.574E-04
2.6240E-07,-6.527E-04
2.6280E-07,-8.480E-04
2.6320E-07,-1.239E-03
2.6360E-07,-6.527E-04
2.6400E-07,-8.480E-04
2.6440E-07,-5.551E-04
2.6480E-07,-8.480E-04
2.6520E-07,-1.141E-03
2.6560E-07,-7.504E-04
2.6600E-07,-7.504E-04
2.6640E-07,-6.527E-04
2.6680E-07,-5.551E-04
2.6720E-07,-8.480E-04
2.6760E-07,-7.504E-04
2.6800E-07,-6.527E-04
2.6840E-07,-5.551E-04
2.6880E-07,-9.457E-04
2.6920E-07,-5.551E-04
2.6960E-07,-6.527E-04
2.7000E-07,-6.527E-04
2.7040E-07,-5.551E-04
2.7080E-07,-8.480E-04
2.7120E-07,-6.527E-04
2.7160E-07,-9.457E-04
2.7200E-07,-7.504E-04
2.7240E-07,-5.551E-04
2.7280E-07,-9.457E-04
2.7320E-07,-7.504E-04
2.7360E-07,-7.504E-04
2.7400E-07,-5.551E-04
2.7440E-07,-6.527E-04
2.7480E-07,-1.043E-03
2.7520E-07,-1.141E-03
2.7560E-07,-5.551E-04
2.7600E-07,-8.480E-04
2.7640E-07,-7.504E-04
2.7680E-07,-2.621E-04
2.7720E-07,-9.457E-04
2.7760E-07,-4.574E-04
2.7800E-07,-1.043E-03
2.7840E-07,-1.043E-03
2.7880E-07,-7.504E-04
2.7920E-07,-1.141E-03
2.7960E-07,-8.480E-04
2.8000E-07,-7.504E-04
2.8040E-07,-6.527E-04
2.8080E-07,-5.551E-04
2.8120E-07,-7.504E-04
2.8160E-07,-5.551E-04
2.8200E-07,-1.043E-03
2.8240E-07,-9.457E-04
2.8280E-07,-1.043E-03
2.8320E-07,-1.043E-03
2.8360E-07,-7.504E-04
2.8400E-07,-7.504E-04
2.8440E-07,-7.504E-04
2.8480E-07,-7.504E-04
2.8520E-07,-6.527E-04
2.8560E-07,-8.480E-04
2.8600E-07,-1.043E-03
2.8640E-07,-8.480E-04
2.8680E-07,-7.504E-04
2.8720E-07,-7.504E-04
2.8760E-07,-6.527E-04
2.8800E-07,-1.043E-03
2.8840E-07,-6.527E-04
2.8880E-07,-1.141E-03
2.8920E-07,-1.141E-03
2.8960E-07,-1.043E-03
2.9000E-07,-1.141E-03
2.9040E-07,-6.527E-04
2.9080E-07,-7.504E-04
2.9120E-07,-9.457E-04
2.9160E-07,-1.043E-03
2.9200E-07,-1.239E-03
2.9240E-07,-8.480E-04
2.9280E-07,-1.141E-03
2.9320E-07,-5.551E-04
2.9360E-07,-7.504E-04
2.9400E-07,-1.239E-03
2.9440E-07,-8.480E-04
2.9480E-07,-3.598E-04
2.9520E-07,-9.457E-04
2.9560E-07,-7.504E-04
2.9600E-07,-9.457E-04
2.9640E-07,-5.551E-04
2.9680E-07,-6.527E-04
2.9720E-07,-8.480E-04
2.9760E-07,-1.043E-03
2.9800E-07,-5.551E-04
2.9840E-07,-9.457E-04
2.9880E-07,-8.480E-04
2.9920E-07,-5.551E-04
2.9960E-07,-9.457E-04
3.0000E-07,-1.141E-03
3.0040E-07,-9.457E-04
3.0080E-07,-5.551E-04
3.0120E-07,-1.239E-03
3.0160E-07,-5.551E-04
3.0200E-07,-1.141E-03
3.0240E-07,-1.141E-03
3.0280E-07,-9.457E-04
3.0320E-07,-5.551E-04
3.0360E-07,-5.551E-04
3.0400E-07,-8.480E-04
3.0440E-07,-9.457E-04
3.0480E-07,-1.239E-03
3.0520E-07,-7.504E-04
3.0560E-07,-9.457E-04
3.0600E-07,-5.551E-04
3.0640E-07,-9.457E-04
3.0680E-07,-1.043E-03
3.0720E-07,-9.457E-04
3.0760E-07,-8.480E-04
3.0800E-07,-7.504E-04
3.0840E-07,-8.480E-04
3.0880E-07,-9.457E-04
3.0920E-07,-7.504E-04
3.0960E-07,-1.043E-03
3.1000E-07,-1.239E-03
3.1040E-07,-7.504E-04
3.1080E-07,-8.480E-04
3.1120E-07,-1.043E-03
3.1160E-07,-8.480E-04
3.1200E-07,-5.551E-04
3.1240E-07,-7.504E-04
3.1280E-07,-1.141E-03
3.1320E-07,-5.551E-04
3.1360E-07,-8.480E-04
3.1400E-07,-8.480E-04
3.1440E-07,-1.336E-03
3.1480E-07,-8.480E-04
3.1520E-07,-1.141E-03
3.1560E-07,-3.598E-04
3.1600E-07,3.086E-05
3.1640E-07,-7.504E-04
3.1680E-07,-8.480E-04
3.1720E-07,-8.480E-04
3.1760E-07,-8.480E-04
3.1800E-07,-8.480E-04
3.1840E-07,-7.504E-04
3.1880E-07,-6.527E-04
3.1920E-07,-2.621E-04
3.1960E-07,-1.239E-03
3.2000E-07,-9.457E-04
3.2040E-07,-6.527E-04
3.2080E-07,-9.457E-04
3.2120E-07,-9.457E-04
3.2160E-07,-5.551E-04
3.2200E-07,-2.621E-04
3.2240E-07,-5.551E-04
3.2280E-07,-5.551E-04
3.2320E-07,-2.621E-04
3.2360E-07,-5.551E-04
3.2400E-07,-4.574E-04
3.2440E-07,-1.043E-03
3.2480E-07,-8.480E-04
3.2520E-07,-8.480E-04
3.2560E-07,-6.527E-04
3.2600E-07,-8.480E-04
3.2640E-07,-1.239E-03
3.2680E-07,-7.504E-04
3.2720E-07,-5.551E-04
3.2760E-07,-1.239E-03
3.2800E-07,-8.480E-04
3.2840E-07,-6.527E-04
3.2880E-07,-9.457E-04
3.2920E-07,-1.043E-03
3.2960E-07,-9.457E-04
3.3000E-07,-7.504E-04
3.3040E-07,-9.457E-04
3.3080E-07,-2.621E-04
3.3120E-07,-3.598E-04
3.3160E-07,-9.457E-04
3.3200E-07,-6.527E-04
3.3240E-07,-9.457E-04
3.3280E-07,-8.480E-04
3.3320E-07,-8.480E-04
3.3360E-07,-4.574E-04
3.3400E-07,-8.480E-04
3.3440E-07,-9.457E-04
3.3480E-07,-6.527E-04
3.3520E-07,-9.457E-04
3.3560E-07,-8.480E-04
3.3600E-07,-9.457E-04
3.3640E-07,-1.043E-03
3.3680E-07,-9.457E-04
3.3720E-07,-7.504E-04
3.3760E-07,-1.043E-03
3.3800E-07,-5.551E-04
3.3840E-07,-7.504E-04
3.3880E-07,-8.480E-04
3.3920E-07,-1.043E-03
3.3960E-07,-9.457E-04
3.4000E-07,-7.504E-04
3.4040E-07,-6.527E-04
3.4080E-07,-9.457E-04
3.4120E-07,-2.621E-04
3.4160E-07,-7.504E-04
3.4200E-07,-6.527E-04
3.4240E-07,-1.043E-03
3.4280E-07,-5.551E-04
3.4320E-07,-9.457E-04
3.4360E-07,-7.504E-04
3.4400E-07,-7.504E-04
3.4440E-07,-1.043E-03
3.4480E-07,-8.480E-04
3.4520E-07,-7.504E-04
3.4560E-07,-6.527E-04
3.4600E-07,-1.239E-03
3.4640E-07,-7.504E-04
3.4680E-07,-8.480E-04
3.4720E-07,-9.457E-04
3.4760E-07,-9.457E-04
3.4800E-07,-5.551E-04
3.4840E-07,-9.457E-04
3.4880E-07,-1.141E-03
3.4920E-07,-8.480E-04
3.4960E-07,-5.551E-04
3.5000E-07,-5.551E-04
3.5040E-07,-1.043E-03
3.5080E-07,-7.504E-04
3.5120E-07,-7.504E-04
3.5160E-07,-1.141E-03
3.5200E-07,-1.141E-03
3.5240E-07,-5.551E-04
3.5280E-07,-8.480E-04
3.5320E-07,-5.551E-04
3.5360E-07,-1.141E-03
3.5400E-07,-5.551E-04
3.5440E-07,-6.527E-04
3.5480E-07,-1.043E-03
3.5520E-07,-5.551E-04
3.5560E-07,-1.043E-03
3.5600E-07,-8.480E-04
3.5640E-07,-6.527E-04
3.5680E-07,-4.574E-04
3.5720E-07,-2.621E-04
3.5760E-07,-1.043E-03
3.5800E-07,-1.141E-03
3.5840E-07,-5.551E-04
3.5880E-07,-8.480E-04
3.5920E-07,-1.141E-03
3.5960E-07,-2.621E-04
3.6000E-07,-6.527E-04
3.6040E-07,-6.527E-04
3.6080E-07,-1.141E-03
3.6120E-07,-1.239E-03
3.6160E-07,-1.434E-03
3.6200E-07,-1.141E-03
3.6240E-07,-9.457E-04
3.6280E-07,-7.504E-04
3.6320E-07,-9.457E-04
3.6360E-07,-8.480E-04
3.6400E-07,-5.551E-04
3.6440E-07,-1.043E-03
3.6480E-07,-1.043E-03
3.6520E-07,-8.480E-04
3.6560E-07,-1.043E-03
3.6600E-07,-8.480E-04
3.6640E-07,-1.239E-03
3.6680E-07,-8.480E-04
3.6720E-07,-4.574E-04
3.6760E-07,-9.457E-04
3.6800E-07,-8.480E-04
3.6840E-07,-5.551E-04
3.6880E-07,-1.043E-03
3.6920E-07,-8.480E-04
3.6960E-07,-6.527E-04
3.7000E-07,-5.551E-04
3.7040E-07,-6.527E-04
3.7080E-07,-9.457E-04
3.7120E-07,-9.457E-04
3.7160E-07,-1.141E-03
3.7200E-07,-1.043E-03
3.7240E-07,-8.480E-04
3.7280E-07,-7.504E-04
3.7320E-07,-5.551E-04
3.7360E-07,-8.480E-04
3.7400E-07,-1.043E-03
3.7440E-07,-7.504E-04
3.7480E-07,-7.504E-04
3.7520E-07,-1.141E-03
3.7560E-07,-5.551E-04
3.7600E-07,-8.480E-04
3.7640E-07,-6.527E-04
3.7680E-07,-5.551E-04
3.7720E-07,-7.504E-04
3.7760E-07,-8.480E-04
3.7800E-07,-8.480E-04
3.7840E-07,-1.434E-03
3.7880E-07,-1.043E-03
3.7920E-07,-1.336E-03
3.7960E-07,-7.504E-04
3.8000E-07,-9.457E-04
3.8040E-07,-8.480E-04
3.8080E-07,-1.239E-03
3.8120E-07,-8.480E-04
3.8160E-07,-1.043E-03
3.8200E-07,-8.480E-04
3.8240E-07,-8.480E-04
3.8280E-07,-7.504E-04
3.8320E-07,-6.527E-04
3.8360E-07,-1.141E-03
3.8400E-07,-1.141E-03
3.8440E-07,-4.574E-04
3.8480E-07,-5.551E-04
3.8520E-07,-7.504E-04
3.8560E-07,-8.480E-04
3.8600E-07,-9.457E-04
3.8640E-07,-8.480E-04
3.8680E-07,-4.574E-04
3.8720E-07,-9.457E-04
3.8760E-07,-9.457E-04
3.8800E-07,-1.141E-03
3.8840E-07,-8.480E-04
3.8880E-07,-2.621E-04
3.8920E-07,-7.504E-04
3.8960E-07,-9.457E-04
3.9000E-07,-9.457E-04
3.9040E-07,-8.480E-04
3.9080E-07,-5.551E-04
3.9120E-07,-9.457E-04
3.9160E-07,-9.457E-04
3.9200E-07,-9.457E-04
3.9240E-07,-8.480E-04
3.9280E-07,-5.551E-04
3.9320E-07,-8.480E-04
3.9360E-07,-9.457E-04
3.9400E-07,-1.141E-03
3.9440E-07,-5.551E-04
3.9480E-07,-1.043E-03
3.9520E-07,-9.457E-04
3.9560E-07,-5.551E-04
3.9600E-07,-9.457E-04
3.9640E-07,-1.239E-03
3.9680E-07,-1.141E-03
3.9720E-07,-6.527E-04
3.9760E-07,-9.457E-04
3.9800E-07,-8.480E-04
3.9840E-07,-6.527E-04
3.9880E-07,-7.504E-04
3.9920E-07,-6.527E-04
3.9960E-07,-5.551E-04
4.0000E-07,-1.043E-03
4.0040E-07,-9.457E-04
4.0080E-07,-9.457E-04
4.0120E-07,-9.457E-04
4.0160E-07,-9.457E-04
4.0200E-07,-1.043E-03
4.0240E-07,-5.551E-04
4.0280E-07,-7.504E-04
4.0320E-07,-1.239E-03
4.0360E-07,-3.598E-04
4.0400E-07,-9.457E-04
4.0440E-07,-1.141E-03
4.0480E-07,-1.239E-03
4.0520E-07,-9.457E-04
4.0560E-07,-8.480E-04
4.0600E-07,-8.480E-04
4.0640E-07,-1.043E-03
4.0680E-07,-8.480E-04
4.0720E-07,-9.457E-04
4.0760E-07,-9.457E-04
4.0800E-07,-4.574E-04
4.0840E-07,-1.043E-03
4.0880E-07,-5.551E-04
4.0920E-07,-1.141E-03
4.0960E-07,-1.336E-03
4.1000E-07,-8.480E-04
4.1040E-07,-8.480E-04
4.1080E-07,-9.457E-04
4.1120E-07,-6.527E-04
4.1160E-07,-8.480E-04
4.1200E-07,-9.457E-04
4.1240E-07,-1.043E-03
4.1280E-07,-7.504E-04
4.1320E-07,-9.457E-04
4.1360E-07,-1.336E-03
4.1400E-07,-1.336E-03
4.1440E-07,-8.480E-04
4.1480E-07,-6.527E-04
4.1520E-07,-7.504E-04
4.1560E-07,-8.480E-04
4.1600E-07,-7.504E-04
4.1640E-07,-1.141E-03
4.1680E-07,-8.480E-04
4.1720E-07,-1.434E-03
4.1760E-07,-9.457E-04
4.1800E-07,-7.504E-04
4.1840E-07,-6.527E-04
4.1880E-07,-9.457E-04
4.1920E-07,-1.239E-03
4.1960E-07,-5.551E-04
4.2000E-07,-7.504E-04
4.2040E-07,-7.504E-04
4.2080E-07,-4.574E-04
4.2120E-07,-8.480E-04
4.2160E-07,-5.551E-04
4.2200E-07,-3.598E-04
4.2240E-07,-7.504E-04
4.2280E-07,-5.551E-04
4.2320E-07,-8.480E-04
4.2360E-07,-1.043E-03
4.2400E-07,-9.457E-04
4.2440E-07,-1.141E-03
4.2480E-07,-7.504E-04
4.2520E-07,-8.480E-04
4.2560E-07,-8.480E-04
4.2600E-07,-1.043E-03
4.2640E-07,-1.336E-03
4.2680E-07,-7.504E-04
4.2720E-07,-7.504E-04
4.2760E-07,-8.480E-04
4.2800E-07,-8.480E-04
4.2840E-07,-9.457E-04
4.2880E-07,-6.527E-04
4.2920E-07,-5.551E-04
4.2960E-07,-7.504E-04
4.3000E-07,-7.504E-04
4.3040E-07,-4.574E-04
4.3080E-07,-2.621E-04
4.3120E-07,-7.504E-04
4.3160E-07,-7.504E-04
4.3200E-07,-7.504E-04
4.3240E-07,-8.480E-04
4.3280E-07,-1.141E-03
4.3320E-07,-1.141E-03
4.3360E-07,-9.457E-04
4.3400E-07,-9.457E-04
4.3440E-07,-1.141E-03
4.3480E-07,-1.141E-03
4.3520E-07,-1.043E-03
4.3560E-07,-9.457E-04
4.3600E-07,-8.480E-04
4.3640E-07,-1.434E-03
4.3680E-07,-8.480E-04
4.3720E-07,-5.551E-04
4.3760E-07,-5.551E-04
4.3800E-07,-8.480E-04
4.3840E-07,-7.504E-04
4.3880E-07,-1.043E-03
4.3920E-07,-1.239E-03
4.3960E-07,-6.527E-04
4.4000E-07,-6.527E-04
4.4040E-07,-5.551E-04
4.4080E-07,-1.645E-04
4.4120E-07,-3.598E-04
4.4160E-07,-5.551E-04
4.4200E-07,-7.504E-04
4.4240E-07,-1.141E-03
4.4280E-07,-1.043E-03
4.4320E-07,-5.551E-04
4.4360E-07,-6.527E-04
4.4400E-07,-8.480E-04
4.4440E-07,-1.043E-03
4.4480E-07,-9.457E-04
4.4520E-07,-5.551E-04
4.4560E-07,-7.504E-04
4.4600E-07,-8.480E-04
4.4640E-07,-2.621E-04
4.4680E-07,-8.480E-04
4.4720E-07,-2.621E-04
4.4760E-07,-6.527E-04
4.4800E-07,-8.480E-04
4.4840E-07,-1.239E-03
4.4880E-07,-9.457E-04
4.4920E-07,-1.043E-03
4.4960E-07,-9.457E-04
4.5000E-07,-6.527E-04
4.5040E-07,-5.551E-04
4.5080E-07,-5.551E-04
4.5120E-07,-8.480E-04
4.5160E-07,-9.457E-04
4.5200E-07,-1.141E-03
4.5240E-07,-1.239E-03
4.5280E-07,-9.457E-04
4.5320E-07,-9.457E-04
4.5360E-07,-1.043E-03
4.5400E-07,-9.457E-04
4.5440E-07,-1.141E-03
4.5480E-07,-1.239E-03
4.5520E-07,-5.551E-04
4.5560E-07,-9.457E-04
4.5600E-07,-7.504E-04
4.5640E-07,-9.457E-04
4.5680E-07,-5.551E-04
4.5720E-07,-5.551E-04
4.5760E-07,-1.043E-03
4.5800E-07,-5.551E-04
4.5840E-07,-7.504E-04
4.5880E-07,-6.527E-04
4.5920E-07,-1.043E-03
4.5960E-07,-7.504E-04
4.6000E-07,-8.480E-04
4.6040E-07,-9.457E-04
4.6080E-07,-8.480E-04
4.6120E-07,-9.457E-04
4.6160E-07,-1.043E-03
4.6200E-07,-7.504E-04
4.6240E-07,-1.043E-03
4.6280E-07,-8.480E-04
4.6320E-07,-4.574E-04
4.6360E-07,-6.527E-04
4.6400E-07,-8.480E-04
4.6440E-07,-1.141E-03
4.6480E-07,-8.480E-04
4.6520E-07,-7.504E-04
4.6560E-07,-5.551E-04
4.6600E-07,-4.574E-04
4.6640E-07,-8.480E-04
4.6680E-07,-8.480E-04
4.6720E-07,-6.527E-04
4.6760E-07,-5.551E-04
4.6800E-07,-3.598E-04
4.6840E-07,-6.527E-04
4.6880E-07,-8.480E-04
4.6920E-07,-1.043E-03
4.6960E-07,-8.480E-04
4.7000E-07,-7.504E-04
4.7040E-07,-7.504E-04
4.7080E-07,-6.527E-04
4.7120E-07,-7.504E-04
4.7160E-07,-7.504E-04
4.7200E-07,-8.480E-04
4.7240E-07,-1.043E-03
4.7280E-07,-1.239E-03
4.7320E-07,-1.043E-03
4.7360E-07,-6.527E-04
4.7400E-07,-8.480E-04
4.7440E-07,-1.239E-03
4.7480E-07,-8.480E-04
4.7520E-07,-7.504E-04
4.7560E-07,-8.480E-04
4.7600E-07,-6.527E-04
4.7640E-07,-1.141E-03
4.7680E-07,-9.457E-04
4.7720E-07,-9.457E-04
4.7760E-07,-1.141E-03
4.7800E-07,-1.239E-03
4.7840E-07,-7.504E-04
4.7880E-07,-5.551E-04
4.7920E-07,-8.480E-04
4.7960E-07,-1.239E-03
4.8000E-07,-1.141E-03
4.8040E-07,-1.239E-03
4.8080E-07,-5.551E-04
4.8120E-07,-5.551E-04
4.8160E-07,-1.141E-03
4.8200E-07,-4.574E-04
4.8240E-07,-1.043E-03
4.8280E-07,-9.457E-04
4.8320E-07,-9.457E-04
4.8360E-07,-8.480E-04
4.8400E-07,-9.457E-04
4.8440E-07,-1.141E-03
4.8480E-07,-1.043E-03
4.8520E-07,-8.480E-04
4.8560E-07,-9.457E-04
4.8600E-07,-1.141E-03
4.8640E-07,-1.239E-03
4.8680E-07,-8.480E-04
4.8720E-07,-1.141E-03
4.8760E-07,-9.457E-04
4.8800E-07,-1.141E-03
4.8840E-07,-9.457E-04
4.8880E-07,-4.574E-04
4.8920E-07,-7.504E-04
4.8960E-07,-6.527E-04
4.9000E-07,-8.480E-04
4.9040E-07,-9.457E-04
4.9080E-07,-5.551E-04
4.9120E-07,-1.239E-03
4.9160E-07,-8.480E-04
4.9200E-07,-9.457E-04
4.9240E-07,-1.239E-03
4.9280E-07,-8.480E-04
4.9320E-07,-6.527E-04
4.9360E-07,-9.457E-04
4.9400E-07,-6.527E-04
4.9440E-07,-9.457E-04
4.9480E-07,-9.457E-04
4.9520E-07,-7.504E-04
4.9560E-07,-9.457E-04
4.9600E-07,-8.480E-04
4.9640E-07,-6.527E-04
4.9680E-07,-1.043E-03
4.9720E-07,-7.504E-04
4.9760E-07,-8.480E-04
4.9800E-07,-9.457E-04
4.9840E-07,-1.043E-03
4.9880E-07,-8.480E-04
4.9920E-07,-6.527E-04
4.9960E-07,-5.551E-04
5.0000E-07,-1.141E-03
5.0040E-07,-8.480E-04
5.0080E-07,-9.457E-04
5.0120E-07,-8.480E-04
5.0160E-07,-8.480E-04
5.0200E-07,-1.043E-03
5.0240E-07,-8.480E-04
5.0280E-07,-1.043E-03
5.0320E-07,-1.043E-03
5.0360E-07,-9.457E-04
5.0400E-07,-1.141E-03
5.0440E-07,-7.504E-04
5.0480E-07,-8.480E-04
5.0520E-07,-1.043E-03
5.0560E-07,-1.141E-03
5.0600E-07,-1.043E-03
5.0640E-07,-1.336E-03
5.0680E-07,-1.336E-03
5.0720E-07,-9.457E-04
5.0760E-07,-9.457E-04
5.0800E-07,-1.043E-03
5.0840E-07,-6.527E-04
5.0880E-07,-7.504E-04
5.0920E-07,-1.043E-03
5.0960E-07,-1.239E-03
5.1000E-07,-8.480E-04
5.1040E-07,-1.141E-03
5.1080E-07,-9.457E-04
5.1120E-07,-4.574E-04
5.1160E-07,-8.480E-04
5.1200E-07,-5.551E-04
5.1240E-07,-7.504E-04
5.1280E-07,-9.457E-04
5.1320E-07,-1.141E-03
5.1360E-07,-6.527E-04
5.1400E-07,-6.527E-04
5.1440E-07,-1.043E-03
5.1480E-07,-7.504E-04
5.1520E-07,-8.480E-04
5.1560E-07,-8.480E-04
5.1600E-07,-1.141E-03
5.1640E-07,-7.504E-04
5.1680E-07,-1.239E-03
5.1720E-07,-5.551E-04
5.1760E-07,-5.551E-04
5.1800E-07,-1.141E-03
5.1840E-07,-9.457E-04
5.1880E-07,-8.480E-04
5.1920E-07,-1.141E-03
5.1960E-07,-1.141E-03
5.2000E-07,-1.043E-03
5.2040E-07,-8.480E-04
5.2080E-07,-4.574E-04
5.2120E-07,-8.480E-04
5.2160E-07,-8.480E-04
5.2200E-07,-5.551E-04
5.2240E-07,-5.551E-04
5.2280E-07,-1.043E-03
5.2320E-07,-7.504E-04
5.2360E-07,-9.457E-04
5.2400E-07,-9.457E-04
5.2440E-07,-1.043E-03
5.2480E-07,-9.457E-04
5.2520E-07,-1.043E-03
5.2560E-07,-8.480E-04
5.2600E-07,-8.480E-04
5.2640E-07,-7.504E-04
5.2680E-07,-1.239E-03
5.2720E-07,-6.527E-04
5.2760E-07,-1.043E-03
5.2800E-07,-9.457E-04
5.2840E-07,-6.527E-04
5.2880E-07,-1.141E-03
5.2920E-07,-1.043E-03
5.2960E-07,-1.141E-03
5.3000E-07,-4.574E-04
5.3040E-07,-7.504E-04
5.3080E-07,-1.043E-03
5.3120E-07,-8.480E-04
5.3160E-07,-1.141E-03
5.3200E-07,-1.434E-03
5.3240E-07,-9.457E-04
5.3280E-07,-9.457E-04
5.3320E-07,-1.043E-03
5.3360E-07,-1.141E-03
5.3400E-07,-1.141E-03
5.3440E-07,-9.457E-04
5.3480E-07,-7.504E-04
5.3520E-07,-1.239E-03
5.3560E-07,-1.141E-03
5.3600E-07,-7.504E-04
5.3640E-07,-9.457E-04
5.3680E-07,-8.480E-04
5.3720E-07,-1.043E-03
5.3760E-07,-8.480E-04
5.3800E-07,-8.480E-04
5.3840E-07,-8.480E-04
5.3880E-07,-1.043E-03
5.3920E-07,-9.457E-04
5.3960E-07,-9.457E-04
5.4000E-07,-8.480E-04
5.4040E-07,-1.141E-03
5.4080E-07,-1.239E-03
5.4120E-07,-1.141E-03
5.4160E-07,-1.239E-03
5.4200E-07,-9.457E-04
5.4240E-07,-7.504E-04
5.4280E-07,-1.141E-03
5.4320E-07,-7.504E-04
5.4360E-07,-1.043E-03
5.4400E-07,-8.480E-04
5.4440E-07,-1.043E-03
5.4480E-07,-1.141E-03
5.4520E-07,-9.457E-04
5.4560E-07,-9.457E-04
5.4600E-07,-1.043E-03
5.4640E-07,-8.480E-04
5.4680E-07,-9.457E-04
5.4720E-07,-4.574E-04
5.4760E-07,-9.457E-04
5.4800E-07,-8.480E-04
5.4840E-07,-1.141E-03
5.4880E-07,-5.551E-04
5.4920E-07,-1.239E-03
5.4960E-07,-1.043E-03
5.5000E-07,-1.239E-03
5.5040E-07,-8.480E-04
5.5080E-07,-8.480E-04
5.5120E-07,-8.480E-04
5.5160E-07,-9.457E-04
5.5200E-07,-9.457E-04
5.5240E-07,-1.239E-03
5.5280E-07,-6.527E-04
5.5320E-07,-6.527E-04
5.5360E-07,-8.480E-04
5.5400E-07,-9.457E-04
5.5440E-07,-1.336E-03
5.5480E-07,-1.239E-03
5.5520E-07,-1.239E-03
5.5560E-07,-1.141E-03
5.5600E-07,-6.527E-04
5.5640E-07,-8.480E-04
5.5680E-07,-1.141E-03
5.5720E-07,-8.480E-04
5.5760E-07,-1.043E-03
5.5800E-07,-9.457E-04
5.5840E-07,-5.551E-04
5.5880E-07,-5.551E-04
5.5920E-07,-1.141E-03
5.5960E-07,-8.480E-04
5.6000E-07,-1.043E-03
5.6040E-07,-9.457E-04
5.6080E-07,-1.239E-03
5.6120E-07,-1.043E-03
5.6160E-07,-3.598E-04
5.6200E-07,-1.239E-03
5.6240E-07,-6.527E-04
5.6280E-07,-9.457E-04
5.6320E-07,-1.043E-03
5.6360E-07,-5.551E-04
5.6400E-07,-7.504E-04
5.6440E-07,-1.043E-03
5.6480E-07,-9.457E-04
5.6520E-07,-6.527E-04
5.6560E-07,-9.457E-04
5.6600E-07,-8.480E-04
5.6640E-07,-1.141E-03
5.6680E-07,-6.527E-04
5.6720E-07,-7.504E-04
5.6760E-07,-8.480E-04
5.6800E-07,-8.480E-04
5.6840E-07,-1.239E-03
5.6880E-07,-1.141E-03
5.6920E-07,-1.043E-03
5.6960E-07,-9.457E-04
5.7000E-07,-5.551E-04
5.7040E-07,-8.480E-04
5.7080E-07,-7.504E-04
5.7120E-07,-5.551E-04
5.7160E-07,-1.239E-03
5.7200E-07,-8.480E-04
5.7240E-07,-9.457E-04
5.7280E-07,-8.480E-04
5.7320E-07,-8.480E-04
5.7360E-07,-9.457E-04
5.7400E-07,-1.043E-03
5.7440E-07,-6.527E-04
5.7480E-07,-1.043E-03
5.7520E-07,-5.551E-04
5.7560E-07,-1.141E-03
5.7600E-07,-9.457E-04
5.7640E-07,-8.480E-04
5.7680E-07,-9.457E-04
5.7720E-07,-6.527E-04
5.7760E-07,-1.239E-03
5.7800E-07,-7.504E-04
5.7840E-07,-8.480E-04
5.7880E-07,-1.043E-03
5.7920E-07,-9.457E-04
5.7960E-07,-8.480E-04
5.8000E-07,-9.457E-04
5.8040E-07,-1.141E-03
5.8080E-07,-7.504E-04
5.8120E-07,-7.504E-04
5.8160E-07,-5.551E-04
5.8200E-07,-1.239E-03
5.8240E-07,-1.141E-03
5.8280E-07,-6.527E-04
5.8320E-07,-1.141E-03
5.8360E-07,-7.504E-04
5.8400E-07,-1.141E-03
5.8440E-07,-6.527E-04
5.8480E-07,-9.457E-04
5.8520E-07,-6.527E-04
5.8560E-07,-9.457E-04
5.8600E-07,-9.457E-04
5.8640E-07,-1.336E-03
5.8680E-07,-1.043E-03
5.8720E-07,-6.527E-04
5.8760E-07,-8.480E-04
5.8800E-07,-9.457E-04
5.8840E-07,-7.504E-04
5.8880E-07,-9.457E-04
5.8920E-07,-7.504E-04
5.8960E-07,-1.434E-03
5.9000E-07,-7.504E-04
5.9040E-07,-4.574E-04
5.9080E-07,-9.457E-04
5.9120E-07,-8.480E-04
5.9160E-07,-8.480E-04
5.9200E-07,-8.480E-04
5.9240E-07,-1.141E-03
5.9280E-07,-1.532E-03
5.9320E-07,-9.457E-04
5.9360E-07,-9.457E-04
5.9400E-07,-9.457E-04
5.9440E-07,-1.239E-03
5.9480E-07,-1.239E-03
5.9520E-07,-1.043E-03
5.9560E-07,-7.504E-04
5.9600E-07,-1.141E-03
5.9640E-07,-1.141E-03
5.9680E-07,-7.504E-04
5.9720E-07,-8.480E-04
5.9760E-07,-1.336E-03
5.9800E-07,-9.457E-04
5.9840E-07,-1.141E-03
5.9880E-07,-6.527E-04
5.9920E-07,-5.551E-04
5.9960E-07,-1.043E-03
6.0000E-07,-9.457E-04
6.0040E-07,-1.043E-03
6.0080E-07,-1.239E-03
6.0120E-07,-1.532E-03
6.0160E-07,-6.527E-04
6.0200E-07,-1.141E-03
6.0240E-07,-1.043E-03
6.0280E-07,-1.239E-03
6.0320E-07,-1.043E-03
6.0360E-07,-9.457E-04
6.0400E-07,-7.504E-04
6.0440E-07,-1.043E-03
6.0480E-07,-1.434E-03
6.0520E-07,-6.527E-04
6.0560E-07,-8.480E-04
6.0600E-07,-9.457E-04
6.0640E-07,-9.457E-04
6.0680E-07,-1.645E-04
6.0720E-07,-8.480E-04
6.0760E-07,-8.480E-04
6.0800E-07,-8.480E-04
6.0840E-07,-8.480E-04
6.0880E-07,-1.043E-03
6.0920E-07,-1.043E-03
6.0960E-07,-1.239E-03
6.1000E-07,-1.141E-03
6.1040E-07,-5.551E-04
6.1080E-07,-7.504E-04
6.1120E-07,-1.141E-03
6.1160E-07,-5.551E-04
6.1200E-07,-1.141E-03
6.1240E-07,-1.141E-03
6.1280E-07,-5.551E-04
6.1320E-07,-1.043E-03
6.1360E-07,-1.141E-03
6.1400E-07,-1.141E-03
6.1440E-07,-1.043E-03
6.1480E-07,-1.239E-03
6.1520E-07,-9.457E-04
6.1560E-07,-1.336E-03
6.1600E-07,-1.043E-03
6.1640E-07,-1.141E-03
6.1680E-07,-7.504E-04
6.1720E-07,-5.551E-04
6.1760E-07,-8.480E-04
6.1800E-07,-7.504E-04
6.1840E-07,-1.239E-03
6.1880E-07,-9.457E-04
6.1920E-07,-5.551E-04
6.1960E-07,-1.043E-03
6.2000E-07,-1.141E-03
6.2040E-07,-6.527E-04
6.2080E-07,-1.043E-03
6.2120E-07,-7.504E-04
6.2160E-07,-5.551E-04
6.2200E-07,-1.141E-03
6.2240E-07,-6.527E-04
6.2280E-07,-9.457E-04
6.2320E-07,-7.504E-04
6.2360E-07,-5.551E-04
6.2400E-07,-8.480E-04
6.2440E-07,-8.480E-04
6.2480E-07,-7.504E-04
6.2520E-07,-1.141E-03
6.2560E-07,-1.141E-03
6.2600E-07,-8.480E-04
6.2640E-07,-1.141E-03
6.2680E-07,-6.527E-04
6.2720E-07,-1.043E-03
6.2760E-07,-8.480E-04
6.2800E-07,-1.141E-03
6.2840E-07,-7.504E-04
6.2880E-07,-8.480E-04
6.2920E-07,-1.239E-03
6.2960E-07,-5.551E-04
6.3000E-07,-8.480E-04
6.3040E-07,-5.551E-04
6.3080E-07,-1.043E-03
6.3120E-07,-1.043E-03
6.3160E-07,-1.043E-03
6.3200E-07,-2.621E-04
6.3240E-07,-7.504E-04
6.3280E-07,-1.043E-03
6.3320E-07,-8.480E-04
6.3360E-07,-1.239E-03
6.3400E-07,-5.551E-04
6.3440E-07,-6.527E-04
6.3480E-07,-1.141E-03
6.3520E-07,-1.043E-03
6.3560E-07,-1.043E-03
6.3600E-07,-6.527E-04
6.3640E-07,-7.504E-04
6.3680E-07,-1.239E-03
6.3720E-07,-1.141E-03
6.3760E-07,-9.457E-04
6.3800E-07,-1.239E-03
6.3840E-07,-8.480E-04
6.3880E-07,-1.043E-03
6.3920E-07,-1.043E-03
6.3960E-07,-1.629E-03
6.4000E-07,-1.141E-03
6.4040E-07,-7.504E-04
6.4080E-07,-1.239E-03
6.4120E-07,-1.434E-03
6.4160E-07,-6.527E-04
6.4200E-07,-1.239E-03
6.4240E-07,-1.043E-03
6.4280E-07,-9.457E-04
6.4320E-07,-8.480E-04
6.4360E-07,-5.551E-04
6.4400E-07,-9.457E-04
6.4440E-07,-1.141E-03
6.4480E-07,-6.527E-04
6.4520E-07,-1.043E-03
6.4560E-07,-1.043E-03
6.4600E-07,-6.527E-04
6.4640E-07,-9.457E-04
6.4680E-07,-8.480E-04
6.4720E-07,-7.504E-04
6.4760E-07,-1.239E-03
6.4800E-07,-7.504E-04
6.4840E-07,-1.043E-03
6.4880E-07,-1.043E-03
6.4920E-07,-1.141E-03
6.4960E-07,-1.141E-03
6.5000E-07,-7.504E-04
6.5040E-07,-1.043E-03
6.5080E-07,-9.457E-04
6.5120E-07,-8.480E-04
6.5160E-07,-1.043E-03
6.5200E-07,-4.574E-04
6.5240E-07,-1.141E-03
6.5280E-07,-9.457E-04
6.5320E-07,-1.141E-03
6.5360E-07,-1.141E-03
6.5400E-07,-1.043E-03
6.5440E-07,-9.457E-04
6.5480E-07,-1.141E-03
6.5520E-07,-6.527E-04
6.5560E-07,-1.141E-03
6.5600E-07,-8.480E-04
6.5640E-07,-1.532E-03
6.5680E-07,-1.434E-03
6.5720E-07,-9.457E-04
6.5760E-07,-1.043E-03
6.5800E-07,-1.043E-03
6.5840E-07,-1.141E-03
6.5880E-07,-1.141E-03
6.5920E-07,-1.043E-03
6.5960E-07,-6.527E-04
6.6000E-07,-8.480E-04
6.6040E-07,-5.551E-04
6.6080E-07,-9.457E-04
6.6120E-07,-1.239E-03
6.6160E-07,-1.239E-03
6.6200E-07,-1.532E-03
6.6240E-07,-1.239E-03
6.6280E-07,-9.457E-04
6.6320E-07,-1.239E-03
6.6360E-07,-7.504E-04
6.6400E-07,-5.551E-04
6.6440E-07,-1.141E-03
6.6480E-07,-8.480E-04
6.6520E-07,-9.457E-04
6.6560E-07,-1.043E-03
6.6600E-07,-7.504E-04
6.6640E-07,-1.141E-03
6.6680E-07,-1.043E-03
6.6720E-07,-1.043E-03
6.6760E-07,-9.457E-04
6.6800E-07,-1.043E-03
6.6840E-07,-9.457E-04
6.6880E-07,-1.141E-03
6.6920E-07,-8.480E-04
6.6960E-07,-1.141E-03
6.7000E-07,-9.457E-04
6.7040E-07,-1.043E-03
6.7080E-07,-9.457E-04
6.7120E-07,-1.043E-03
6.7160E-07,-1.043E-03
6.7200E-07,-7.504E-04
6.7240E-07,-8.480E-04
6.7280E-07,-9.457E-04
6.7320E-07,-1.532E-03
6.7360E-07,-9.457E-04
6.7400E-07,-1.043E-03
6.7440E-07,-9.457E-04
6.7480E-07,-1.043E-03
6.7520E-07,-8.480E-04
6.7560E-07,-8.480E-04
6.7600E-07,-1.239E-03
6.7640E-07,-9.457E-04
6.7680E-07,-6.527E-04
6.7720E-07,-8.480E-04
6.7760E-07,-1.239E-03
6.7800E-07,-1.434E-03
6.7840E-07,-1.141E-03
6.7880E-07,-6.527E-04
6.7920E-07,-9.457E-04
6.7960E-07,-1.141E-03
6.8000E-07,-1.043E-03
6.8040E-07,-5.551E-04
6.8080E-07,-8.480E-04
6.8120E-07,-6.527E-04
6.8160E-07,-1.645E-04
6.8200E-07,-8.480E-04
6.8240E-07,-1.141E-03
6.8280E-07,-1.336E-03
6.8320E-07,-1.043E-03
6.8360E-07,-6.527E-04
6.8400E-07,-1.141E-03
6.8440E-07,-7.504E-04
6.8480E-07,-1.141E-03
6.8520E-07,-1.336E-03
6.8560E-07,-8.480E-04
6.8600E-07,-9.457E-04
6.8640E-07,-1.239E-03
6.8680E-07,-9.457E-04
6.8720E-07,-1.239E-03
6.8760E-07,-1.239E-03
6.8800E-07,-8.480E-04
6.8840E-07,-8.480E-04
6.8880E-07,-9.457E-04
6.8920E-07,-1.141E-03
6.8960E-07,-6.527E-04
6.9000E-07,-7.504E-04
6.9040E-07,-1.043E-03
6.9080E-07,-9.457E-04
6.9120E-07,-1.239E-03
6.9160E-07,-9.457E-04
6.9200E-07,-9.457E-04
6.9240E-07,-6.527E-04
6.9280E-07,-9.457E-04
6.9320E-07,-9.457E-04
6.9360E-07,-7.504E-04
6.9400E-07,-9.457E-04
6.9440E-07,-9.457E-04
6.9480E-07,-8.480E-04
6.9520E-07,-1.434E-03
6.9560E-07,-1.336E-03
6.9600E-07,-8.480E-04
6.9640E-07,-1.239E-03
6.9680E-07,-7.504E-04
6.9720E-07,-4.574E-04
6.9760E-07,-1.141E-03
6.9800E-07,-7.504E-04
6.9840E-07,-5.551E-04
6.9880E-07,-8.480E-04
6.9920E-07,-9.457E-04
6.9960E-07,-5.551E-04
7.0000E-07,-9.457E-04
7.0040E-07,-9.457E-04
7.0080E-07,-6.527E-04
7.0120E-07,-1.043E-03
7.0160E-07,-9.457E-04
7.0200E-07,-1.239E-03
7.0240E-07,-9.457E-04
7.0280E-07,-1.043E-03
7.0320E-07,-7.504E-04
7.0360E-07,-8.480E-04
7.0400E-07,-9.457E-04
7.0440E-07,-1.239E-03
7.0480E-07,-1.239E-03
7.0520E-07,-1.434E-03
7.0560E-07,-1.239E-03
7.0600E-07,-8.480E-04
7.0640E-07,-8.480E-04
7.0680E-07,-1.043E-03
7.0720E-07,-8.480E-04
7.0760E-07,-1.043E-03
7.0800E-07,-6.527E-04
7.0840E-07,-1.043E-03
7.0880E-07,-9.457E-04
7.0920E-07,-1.336E-03
7.0960E-07,-1.239E-03
7.1000E-07,-1.239E-03
7.1040E-07,-9.457E-04
7.1080E-07,-7.504E-04
7.1120E-07,-1.336E-03
7.1160E-07,-1.239E-03
7.1200E-07,-5.551E-04
7.1240E-07,-8.480E-04
7.1280E-07,-1.043E-03
7.1320E-07,-1.141E-03
7.1360E-07,-1.239E-03
7.1400E-07,-1.434E-03
7.1440E-07,-1.239E-03
7.1480E-07,-1.043E-03
7.1520E-07,-9.457E-04
7.1560E-07,-9.457E-04
7.1600E-07,-6.527E-04
7.1640E-07,-1.532E-03
7.1680E-07,-1.239E-03
7.1720E-07,-9.457E-04
7.1760E-07,-1.141E-03
7.1800E-07,-1.043E-03
7.1840E-07,-1.141E-03
7.1880E-07,-1.141E-03
7.1920E-07,-8.480E-04
7.1960E-07,-1.043E-03
7.2000E-07,-8.480E-04
7.2040E-07,-9.457E-04
7.2080E-07,-9.457E-04
7.2120E-07,-9.457E-04
7.2160E-07,-6.527E-04
7.2200E-07,-9.457E-04
7.2240E-07,-5.551E-04
7.2280E-07,-1.141E-03
7.2320E-07,-1.141E-03
7.2360E-07,-7.504E-04
7.2400E-07,-1.043E-03
7.2440E-07,-1.434E-03
7.2480E-07,-9.457E-04
7.2520E-07,-9.457E-04
7.2560E-07,-9.457E-04
7.2600E-07,-8.480E-04
7.2640E-07,-1.043E-03
7.2680E-07,-1.141E-03
7.2720E-07,-1.434E-03
7.2760E-07,-1.532E-03
7.2800E-07,-1.239E-03
7.2840E-07,-1.239E-03
7.2880E-07,-9.457E-04
7.2920E-07,-1.434E-03
7.2960E-07,-1.043E-03
7.3000E-07,-1.043E-03
7.3040E-07,-1.141E-03
7.3080E-07,-8.480E-04
7.3120E-07,-9.457E-04
7.3160E-07,-1.434E-03
7.3200E-07,-1.043E-03
7.3240E-07,-9.457E-04
7.3280E-07,-9.457E-04
7.3320E-07,-1.239E-03
7.3360E-07,-1.336E-03
7.3400E-07,-1.532E-03
7.3440E-07,-1.239E-03
7.3480E-07,-1.043E-03
7.3520E-07,-6.527E-04
7.3560E-07,-7.504E-04
7.3600E-07,-7.504E-04
7.3640E-07,-8.480E-04
7.3680E-07,-8.480E-04
7.3720E-07,-8.480E-04
7.3760E-07,-1.239E-03
7.3800E-07,-1.141E-03
7.3840E-07,-5.551E-04
7.3880E-07,-1.043E-03
7.3920E-07,-1.141E-03
7.3960E-07,-1.043E-03
7.4000E-07,-1.239E-03
7.4040E-07,-1.336E-03
7.4080E-07,-8.480E-04
7.4120E-07,-7.504E-04
7.4160E-07,-7.504E-04
7.4200E-07,-1.532E-03
7.4240E-07,-1.141E-03
7.4280E-07,-1.141E-03
7.4320E-07,-9.457E-04
7.4360E-07,-6.527E-04
7.4400E-07,-1.239E-03
7.4440E-07,-6.527E-04
7.4480E-07,-6.527E-04
7.4520E-07,-8.480E-04
7.4560E-07,-7.504E-04
7.4600E-07,-7.504E-04
7.4640E-07,-9.457E-04
7.4680E-07,-1.336E-03
7.4720E-07,-9.457E-04
7.4760E-07,-7.504E-04
7.4800E-07,-9.457E-04
7.4840E-07,-1.239E-03
7.4880E-07,-1.043E-03
7.4920E-07,-1.141E-03
7.4960E-07,-5.551E-04
7.5000E-07,-1.141E-03
7.5040E-07,-1.043E-03
7.5080E-07,-5.551E-04
7.5120E-07,-9.457E-04
7.5160E-07,-1.043E-03
7.5200E-07,-7.504E-04
7.5240E-07,-7.504E-04
7.5280E-07,-1.336E-03
7.5320E-07,-1.043E-03
7.5360E-07,-8.480E-04
7.5400E-07,-6.527E-04
7.5440E-07,-7.504E-04
7.5480E-07,-6.527E-04
7.5520E-07,-1.336E-03
7.5560E-07,-8.480E-04
7.5600E-07,-7.504E-04
7.5640E-07,-9.457E-04
7.5680E-07,-6.527E-04
7.5720E-07,-7.504E-04
7.5760E-07,-8.480E-04
7.5800E-07,-1.043E-03
7.5840E-07,-7.504E-04
7.5880E-07,-8.480E-04
7.5920E-07,-1.239E-03
7.5960E-07,-9.457E-04
7.6000E-07,-1.532E-03
7.6040E-07,-9.457E-04
7.6080E-07,-8.480E-04
7.6120E-07,-7.504E-04
7.6160E-07,-8.480E-04
7.6200E-07,-3.598E-04
7.6240E-07,-8.480E-04
7.6280E-07,-1.043E-03
7.6320E-07,-9.457E-04
7.6360E-07,-4.574E-04
7.6400E-07,-7.504E-04
7.6440E-07,-9.457E-04
7.6480E-07,-7.504E-04
7.6520E-07,-1.043E-03
7.6560E-07,-1.043E-03
7.6600E-07,-1.043E-03
7.6640E-07,-6.527E-04
7.6680E-07,-9.457E-04
7.6720E-07,-1.532E-03
7.6760E-07,-1.239E-03
7.6800E-07,-6.527E-04
7.6840E-07,-8.480E-04
7.6880E-07,-1.336E-03
7.6920E-07,-9.457E-04
7.6960E-07,-7.504E-04
7.7000E-07,-9.457E-04
7.7040E-07,-1.043E-03
7.7080E-07,-1.043E-03
7.7120E-07,-8.480E-04
7.7160E-07,-9.457E-04
7.7200E-07,-6.527E-04
7.7240E-07,-6.527E-04
7.7280E-07,-8.480E-04
7.7320E-07,-1.043E-03
7.7360E-07,-7.504E-04
7.7400E-07,-7.504E-04
7.7440E-07,-9.457E-04
7.7480E-07,-8.480E-04
7.7520E-07,-1.141E-03
7.7560E-07,-5.551E-04
7.7600E-07,-1.043E-03
7.7640E-07,-9.457E-04
7.7680E-07,-8.480E-04
7.7720E-07,-1.043E-03
7.7760E-07,-1.336E-03
7.7800E-07,-1.239E-03
7.7840E-07,-9.457E-04
7.7880E-07,-1.336E-03
7.7920E-07,-1.239E-03
7.7960E-07,-1.239E-03
7.8000E-07,-6.527E-04
7.8040E-07,-1.141E-03
7.8080E-07,-1.141E-03
7.8120E-07,-8.480E-04
7.8160E-07,-8.480E-04
7.8200E-07,-1.043E-03
7.8240E-07,-9.457E-04
7.8280E-07,-8.480E-04
7.8320E-07,-1.141E-03
7.8360E-07,-8.480E-04
7.8400E-07,-9.457E-04
7.8440E-07,-1.434E-03
7.8480E-07,-1.043E-03
7.8520E-07,-1.141E-03
7.8560E-07,-1.141E-03
7.8600E-07,-1.239E-03
7.8640E-07,-6.527E-04
7.8680E-07,-1.141E-03
7.8720E-07,-1.141E-03
7.8760E-07,-8.480E-04
7.8800E-07,-5.551E-04
7.8840E-07,-1.043E-03
7.8880E-07,-7.504E-04
7.8920E-07,-4.574E-04
7.8960E-07,-1.043E-03
7.9000E-07,-6.527E-04
7.9040E-07,-1.043E-03
7.9080E-07,-1.239E-03
7.9120E-07,-1.239E-03
7.9160E-07,-1.141E-03
7.9200E-07,-1.239E-03
7.9240E-07,-9.457E-04
7.9280E-07,-6.527E-04
7.9320E-07,-5.551E-04
7.9360E-07,-1.239E-03
7.9400E-07,-8.480E-04
7.9440E-07,-8.480E-04
7.9480E-07,-9.457E-04
7.9520E-07,-9.457E-04
7.9560E-07,-8.480E-04
7.9600E-07,-6.527E-04
7.9640E-07,-7.504E-04
7.9680E-07,-7.504E-04
7.9720E-07,-7.504E-04
7.9760E-07,-7.504E-04
7.9800E-07,-9.457E-04
7.9840E-07,-1.141E-03
7.9880E-07,-1.141E-03
7.9920E-07,-5.551E-04
7.9960E-07,-1.141E-03
8.0000E-07,-9.457E-04
8.0040E-07,-5.551E-04
8.0080E-07,-6.527E-04
8.0120E-07,-6.527E-04
8.0160E-07,-9.457E-04
8.0200E-07,-9.457E-04
8.0240E-07,-8.480E-04
8.0280E-07,-1.141E-03
8.0320E-07,-8.480E-04
8.0360E-07,-6.527E-04
8.0400E-07,-9.457E-04
8.0440E-07,-1.141E-03
8.0480E-07,-9.457E-04
8.0520E-07,-6.527E-04
8.0560E-07,-6.527E-04
8.0600E-07,-8.480E-04
8.0640E-07,-7.504E-04
8.0680E-07,-1.141E-03
8.0720E-07,-5.551E-04
8.0760E-07,-7.504E-04
8.0800E-07,-1.043E-03
8.0840E-07,-1.141E-03
8.0880E-07,-1.141E-03
8.0920E-07,-9.457E-04
8.0960E-07,-6.527E-04
8.1000E-07,-9.457E-04
8.1040E-07,-8.480E-04
8.1080E-07,-8.480E-04
8.1120E-07,-8.480E-04
8.1160E-07,-7.504E-04
8.1200E-07,-9.457E-04
8.1240E-07,-9.457E-04
8.1280E-07,-8.480E-04
8.1320E-07,-8.480E-04
8.1360E-07,-8.480E-04
8.1400E-07,-1.434E-03
8.1440E-07,-5.551E-04
8.1480E-07,-8.480E-04
8.1520E-07,-7.504E-04
8.1560E-07,-9.457E-04
8.1600E-07,-8.480E-04
8.1640E-07,-1.043E-03
8.1680E-07,-9.457E-04
8.1720E-07,-1.141E-03
8.1760E-07,-1.239E-03
8.1800E-07,-8.480E-04
8.1840E-07,-6.527E-04
8.1880E-07,-1.043E-03
8.1920E-07,-6.527E-04
8.1960E-07,-5.551E-04
8.2000E-07,-8.480E-04
8.2040E-07,-8.480E-04
8.2080E-07,-7.504E-04
8.2120E-07,-9.457E-04
8.2160E-07,-1.141E-03
8.2200E-07,-1.239E-03
8.2240E-07,-6.527E-04
8.2280E-07,-9.457E-04
8.2320E-07,-1.239E-03
8.2360E-07,-9.457E-04
8.2400E-07,-8.480E-04
8.2440E-07,-1.043E-03
8.2480E-07,-1.043E-03
8.2520E-07,-1.141E-03
8.2560E-07,-6.527E-04
8.2600E-07,-1.141E-03
8.2640E-07,-1.141E-03
8.2680E-07,-1.141E-03
8.2720E-07,-9.457E-04
8.2760E-07,-9.457E-04
8.2800E-07,-8.480E-04
8.2840E-07,-1.043E-03
8.2880E-07,-1.239E-03
8.2920E-07,-8.480E-04
8.2960E-07,-8.480E-04
8.3000E-07,-1.141E-03
8.3040E-07,-8.480E-04
8.3080E-07,-1.141E-03
8.3120E-07,-9.457E-04
8.3160E-07,-6.527E-04
8.3200E-07,-1.141E-03
8.3240E-07,-5.551E-04
8.3280E-07,-6.527E-04
8.3320E-07,-9.457E-04
8.3360E-07,-9.457E-04
8.3400E-07,-8.480E-04
8.3440E-07,-1.141E-03
8.3480E-07,-1.141E-03
8.3520E-07,-1.239E-03
8.3560E-07,-1.141E-03
8.3600E-07,-1.141E-03
8.3640E-07,-8.480E-04
8.3680E-07,-7.504E-04
8.3720E-07,-1.043E-03
8.3760E-07,-8.480E-04
8.3800E-07,-9.457E-04
8.3840E-07,-6.527E-04
8.3880E-07,-6.527E-04
8.3920E-07,-1.141E-03
8.3960E-07,-7.504E-04
8.4000E-07,-8.480E-04
8.4040E-07,-8.480E-04
8.4080E-07,-5.551E-04
8.4120E-07,-5.551E-04
8.4160E-07,-9.457E-04
8.4200E-07,-1.336E-03
8.4240E-07,-9.457E-04
8.4280E-07,-8.480E-04
8.4320E-07,-1.141E-03
8.4360E-07,-1.141E-03
8.4400E-07,-4.574E-04
8.4440E-07,-1.239E-03
8.4480E-07,-7.504E-04
8.4520E-07,-7.504E-04
8.4560E-07,-8.480E-04
8.4600E-07,-1.239E-03
8.4640E-07,-9.457E-04
8.4680E-07,-7.504E-04
8.4720E-07,-8.480E-04
8.4760E-07,-4.574E-04
8.4800E-07,-9.457E-04
8.4840E-07,-4.574E-04
8.4880E-07,-1.239E-03
8.4920E-07,-8.480E-04
8.4960E-07,-8.480E-04
8.5000E-07,-5.551E-04
8.5040E-07,-8.480E-04
8.5080E-07,-8.480E-04
8.5120E-07,-1.043E-03
8.5160E-07,-7.504E-04
8.5200E-07,-9.457E-04
8.5240E-07,-1.141E-03
8.5280E-07,-1.043E-03
8.5320E-07,-8.480E-04
8.5360E-07,-1.043E-03
8.5400E-07,-9.457E-04
8.5440E-07,-6.527E-04
8.5480E-07,-8.480E-04
8.5520E-07,-9.457E-04
8.5560E-07,-8.480E-04
8.5600E-07,-8.480E-04
8.5640E-07,-5.551E-04
8.5680E-07,-3.598E-04
8.5720E-07,-4.574E-04
8.5760E-07,-7.504E-04
8.5800E-07,-7.504E-04
8.5840E-07,-6.527E-04
8.5880E-07,-8.480E-04
8.5920E-07,-8.480E-04
8.5960E-07,-8.480E-04
8.6000E-07,-5.551E-04
8.6040E-07,-1.043E-03
8.6080E-07,-9.457E-04
8.6120E-07,-1.043E-03
8.6160E-07,-8.480E-04
8.6200E-07,-6.527E-04
8.6240E-07,-7.504E-04
8.6280E-07,-9.457E-04
8.6320E-07,-8.480E-04
8.6360E-07,-1.043E-03
8.6400E-07,-1.141E-03
8.6440E-07,-4.574E-04
8.6480E-07,-8.480E-04
8.6520E-07,-9.457E-04
8.6560E-07,-9.457E-04
8.6600E-07,-8.480E-04
8.6640E-07,-6.527E-04
8.6680E-07,-8.480E-04
8.6720E-07,-3.598E-04
8.6760E-07,-8.480E-04
8.6800E-07,-7.504E-04
8.6840E-07,-1.141E-03
8.6880E-07,-8.480E-04
8.6920E-07,-9.457E-04
8.6960E-07,-9.457E-04
8.7000E-07,-9.457E-04
8.7040E-07,-9.457E-04
8.7080E-07,-9.457E-04
8.7120E-07,-8.480E-04
8.7160E-07,-8.480E-04
8.7200E-07,-5.551E-04
8.7240E-07,-5.551E-04
8.7280E-07,-1.043E-03
8.7320E-07,-7.504E-04
8.7360E-07,-6.527E-04
8.7400E-07,-1.043E-03
8.7440E-07,-9.457E-04
8.7480E-07,-1.239E-03
8.7520E-07,-1.239E-03
8.7560E-07,-9.457E-04
8.7600E-07,-9.457E-04
8.7640E-07,-9.457E-04
8.7680E-07,-8.480E-04
8.7720E-07,-6.527E-04
8.7760E-07,-5.551E-04
8.7800E-07,-5.551E-04
8.7840E-07,-7.504E-04
8.7880E-07,-9.457E-04
8.7920E-07,-8.480E-04
8.7960E-07,-2.621E-04
8.8000E-07,-8.480E-04
8.8040E-07,-8.480E-04
8.8080E-07,-8.480E-04
8.8120E-07,-1.141E-03
8.8160E-07,-6.527E-04
8.8200E-07,-3.598E-04
8.8240E-07,-5.551E-04
8.8280E-07,-7.504E-04
8.8320E-07,-6.527E-04
8.8360E-07,-8.480E-04
8.8400E-07,-9.457E-04
8.8440E-07,-9.457E-04
8.8480E-07,-8.480E-04
8.8520E-07,-5.551E-04
8.8560E-07,-8.480E-04
8.8600E-07,-8.480E-04
8.8640E-07,-7.504E-04
8.8680E-07,-7.504E-04
8.8720E-07,-1.141E-03
8.8760E-07,-8.480E-04
8.8800E-07,-8.480E-04
8.8840E-07,-6.527E-04
8.8880E-07,-5.551E-04
8.8920E-07,-8.480E-04
8.8960E-07,-1.239E-03
8.9000E-07,-5.551E-04
8.9040E-07,-5.551E-04
8.9080E-07,-6.527E-04
8.9120E-07,-8.480E-04
8.9160E-07,-2.621E-04
8.9200E-07,-3.598E-04
8.9240E-07,-9.457E-04
8.9280E-07,-8.480E-04
8.9320E-07,-4.574E-04
8.9360E-07,-9.457E-04
8.9400E-07,-6.527E-04
8.9440E-07,-1.043E-03
8.9480E-07,-1.141E-03
8.9520E-07,-1.141E-03
8.9560E-07,-6.527E-04
8.9600E-07,-1.043E-03
8.9640E-07,-1.239E-03
8.9680E-07,-6.527E-04
8.9720E-07,-4.574E-04
8.9760E-07,-6.527E-04
8.9800E-07,-7.504E-04
8.9840E-07,-7.504E-04
8.9880E-07,-8.480E-04
8.9920E-07,-8.480E-04
8.9960E-07,-9.457E-04
9.0000E-07,-2.621E-04
9.0040E-07,-1.141E-03
9.0080E-07,-5.551E-04
9.0120E-07,-6.527E-04
9.0160E-07,-4.574E-04
9.0200E-07,-2.621E-04
9.0240E-07,-5.551E-04
9.0280E-07,-8.480E-04
9.0320E-07,-8.480E-04
9.0360E-07,-3.598E-04
9.0400E-07,-5.551E-04
9.0440E-07,-6.527E-04
9.0480E-07,-9.457E-04
9.0520E-07,-4.574E-04
9.0560E-07,-9.457E-04
9.0600E-07,-9.457E-04
9.0640E-07,-8.480E-04
9.0680E-07,-8.480E-04
9.0720E-07,-9.457E-04
9.0760E-07,-9.457E-04
9.0800E-07,-9.457E-04
9.0840E-07,-5.551E-04
9.0880E-07,-5.551E-04
9.0920E-07,-8.480E-04
9.0960E-07,-9.457E-04
9.1000E-07,-1.336E-03
9.1040E-07,-1.336E-03
9.1080E-07,-5.551E-04
9.1120E-07,-8.480E-04
9.1160E-07,-7.504E-04
9.1200E-07,-9.457E-04
9.1240E-07,-8.480E-04
9.1280E-07,-7.504E-04
9.1320E-07,-7.504E-04
9.1360E-07,-7.504E-04
9.1400E-07,-7.504E-04
9.1440E-07,-1.043E-03
9.1480E-07,-6.527E-04
9.1520E-07,-5.551E-04
9.1560E-07,-9.457E-04
9.1600E-07,-5.551E-04
9.1640E-07,-1.141E-03
9.1680E-07,-1.043E-03
9.1720E-07,-3.598E-04
9.1760E-07,-5.551E-04
9.1800E-07,-6.527E-04
9.1840E-07,-1.043E-03
9.1880E-07,-8.480E-04
9.1920E-07,-8.480E-04
9.1960E-07,-6.527E-04
9.2000E-07,-1.043E-03
9.2040E-07,-1.141E-03
9.2080E-07,-5.551E-04
9.2120E-07,-5.551E-04
9.2160E-07,-8.480E-04
9.2200E-07,-5.551E-04
9.2240E-07,-7.504E-04
9.2280E-07,-1.141E-03
9.2320E-07,-6.527E-04
9.2360E-07,-5.551E-04
9.2400E-07,-8.480E-04
9.2440E-07,-1.043E-03
9.2480E-07,-8.480E-04
9.2520E-07,-1.239E-03
9.2560E-07,-6.527E-04
9.2600E-07,-1.239E-03
9.2640E-07,-1.239E-03
9.2680E-07,-5.551E-04
9.2720E-07,-5.551E-04
9.2760E-07,-1.141E-03
9.2800E-07,-6.527E-04
9.2840E-07,-8.480E-04
9.2880E-07,-4.574E-04
9.2920E-07,-1.141E-03
9.2960E-07,-7.504E-04
9.3000E-07,-4.574E-04
9.3040E-07,-5.551E-04
9.3080E-07,-3.598E-04
9.3120E-07,-7.504E-04
9.3160E-07,-6.527E-04
9.3200E-07,-8.480E-04
9.3240E-07,-1.141E-03
9.3280E-07,-4.574E-04
9.3320E-07,-7.504E-04
9.3360E-07,-5.551E-04
9.3400E-07,-1.043E-03
9.3440E-07,-5.551E-04
9.3480E-07,-7.504E-04
9.3520E-07,-1.141E-03
9.3560E-07,-1.141E-03
9.3600E-07,-9.457E-04
9.3640E-07,-5.551E-04
9.3680E-07,-1.141E-03
9.3720E-07,-9.457E-04
9.3760E-07,-5.551E-04
9.3800E-07,-6.527E-04
9.3840E-07,-8.480E-04
9.3880E-07,-6.527E-04
9.3920E-07,-3.598E-04
9.3960E-07,-9.457E-04
9.4000E-07,-5.551E-04
9.4040E-07,-5.551E-04
9.4080E-07,-9.457E-04
9.4120E-07,-1.043E-03
9.4160E-07,-5.551E-04
9.4200E-07,-9.457E-04
9.4240E-07,-6.527E-04
9.4280E-07,-1.141E-03
9.4320E-07,-8.480E-04
9.4360E-07,-1.043E-03
9.4400E-07,-8.480E-04
9.4440E-07,-5.551E-04
9.4480E-07,-9.457E-04
9.4520E-07,-8.480E-04
9.4560E-07,-1.141E-03
9.4600E-07,-1.141E-03
9.4640E-07,-8.480E-04
9.4680E-07,-9.457E-04
9.4720E-07,-6.527E-04
9.4760E-07,-1.141E-03
9.4800E-07,-1.043E-03
9.4840E-07,-6.527E-04
9.4880E-07,-8.480E-04
9.4920E-07,-9.457E-04
9.4960E-07,-1.043E-03
9.5000E-07,-8.480E-04
9.5040E-07,-4.574E-04
9.5080E-07,-7.504E-04
9.5120E-07,-7.504E-04
9.5160E-07,-5.551E-04
9.5200E-07,-8.480E-04
9.5240E-07,-5.551E-04
9.5280E-07,-5.551E-04
9.5320E-07,-1.141E-03
9.5360E-07,-8.480E-04
9.5400E-07,-6.527E-04
9.5440E-07,-5.551E-04
9.5480E-07,-7.504E-04
9.5520E-07,-1.645E-04
9.5560E-07,-1.645E-04
9.5600E-07,-5.551E-04
9.5640E-07,-8.480E-04
9.5680E-07,-8.480E-04
9.5720E-07,-5.551E-04
9.5760E-07,-8.480E-04
9.5800E-07,-7.504E-04
9.5840E-07,-6.527E-04
9.5880E-07,-3.598E-04
9.5920E-07,-8.480E-04
9.5960E-07,-8.480E-04
9.6000E-07,-8.480E-04
9.6040E-07,-3.598E-04
9.6080E-07,-3.598E-04
9.6120E-07,-1.141E-03
9.6160E-07,-5.551E-04
9.6200E-07,-1.645E-04
9.6240E-07,-7.504E-04
9.6280E-07,-5.551E-04
9.6320E-07,-5.551E-04
9.6360E-07,-1.043E-03
9.6400E-07,-6.527E-04
9.6440E-07,-7.504E-04
9.6480E-07,-8.480E-04
9.6520E-07,-6.527E-04
9.6560E-07,-5.551E-04
9.6600E-07,-9.457E-04
9.6640E-07,-4.574E-04
9.6680E-07,-3.598E-04
9.6720E-07,-9.457E-04
9.6760E-07,-5.551E-04
9.6800E-07,-4.574E-04
9.6840E-07,-7.504E-04
9.6880E-07,-3.598E-04
9.6920E-07,-8.480E-04
9.6960E-07,-9.457E-04
9.7000E-07,-9.457E-04
9.7040E-07,-6.527E-04
9.7080E-07,-7.504E-04
9.7120E-07,-7.504E-04
9.7160E-07,-6.527E-04
9.7200E-07,-5.551E-04
9.7240E-07,-8.480E-04
9.7280E-07,-9.457E-04
9.7320E-07,-6.527E-04
9.7360E-07,-4.574E-04
9.7400E-07,-4.574E-04
9.7440E-07,-3.598E-04
9.7480E-07,-7.504E-04
9.7520E-07,-8.480E-04
9.7560E-07,-6.527E-04
9.7600E-07,-5.551E-04
9.7640E-07,-5.551E-04
9.7680E-07,-8.480E-04
9.7720E-07,-1.043E-03
9.7760E-07,-9.457E-04
9.7800E-07,-6.527E-04
9.7840E-07,-5.551E-04
9.7880E-07,-3.598E-04
9.7920E-07,-5.551E-04
9.7960E-07,-5.551E-04
9.8000E-07,-8.480E-04
9.8040E-07,-7.504E-04
9.8080E-07,-6.527E-04
9.8120E-07,-9.457E-04
9.8160E-07,-1.434E-03
9.8200E-07,-8.480E-04
9.8240E-07,-6.527E-04
9.8280E-07,-8.480E-04
9.8320E-07,-6.527E-04
9.8360E-07,-4.574E-04
9.8400E-07,-4.574E-04
9.8440E-07,-5.551E-04
9.8480E-07,-7.504E-04
9.8520E-07,-1.239E-03
9.8560E-07,-6.527E-04
9.8600E-07,-5.551E-04
9.8640E-07,-5.551E-04
9.8680E-07,-9.457E-04
9.8720E-07,-9.457E-04
9.8760E-07,-3.598E-04
9.8800E-07,-4.574E-04
9.8840E-07,-4.574E-04
9.8880E-07,-8.480E-04
9.8920E-07,-5.551E-04
9.8960E-07,-7.504E-04
9.9000E-07,-6.527E-04
9.9040E-07,-7.504E-04
9.9080E-07,-5.551E-04
9.9120E-07,-1.141E-03
9.9160E-07,-2.621E-04
9.9200E-07,-5.551E-04
9.9240E-07,-5.551E-04
9.9280E-07,-8.480E-04
9.9320E-07,-6.527E-04
9.9360E-07,-6.527E-04
9.9400E-07,-6.527E-04
9.9440E-07,-4.574E-04
9.9480E-07,-7.504E-04
9.9520E-07,-7.504E-04
9.9560E-07,-7.504E-04
9.9600E-07,-3.598E-04
9.9640E-07,-7.504E-04
9.9680E-07,-7.504E-04
9.9720E-07,-8.480E-04
9.9760E-07,-1.043E-03
9.9800E-07,-6.527E-04
9.9840E-07,-7.504E-04
9.9880E-07,-8.480E-04
9.9920E-07,-8.480E-04
9.9960E-07,-2.621E-04
1.0000E-06,-9.457E-04
1.0004E-06,-5.551E-04
1.0008E-06,-4.574E-04
1.0012E-06,-7.504E-04
1.0016E-06,-7.504E-04
1.0020E-06,-6.527E-04
1.0024E-06,-7.504E-04
1.0028E-06,-7.504E-04
1.0032E-06,-6.527E-04
1.0036E-06,-5.551E-04
1.0040E-06,-4.574E-04
1.0044E-06,-5.551E-04
1.0048E-06,-2.621E-04
1.0052E-06,-7.504E-04
1.0056E-06,-1.043E-03
1.0060E-06,-6.527E-04
1.0064E-06,-5.551E-04
1.0068E-06,-9.457E-04
1.0072E-06,-4.574E-04
1.0076E-06,-4.574E-04
1.0080E-06,-1.043E-03
1.0084E-06,-6.527E-04
1.0088E-06,-1.239E-03
1.0092E-06,-3.598E-04
1.0096E-06,-8.480E-04
1.0100E-06,-8.480E-04
1.0104E-06,-8.480E-04
1.0108E-06,-1.043E-03
1.0112E-06,-4.574E-04
1.0116E-06,-1.239E-03
1.0120E-06,-8.480E-04
1.0124E-06,-8.480E-04
1.0128E-06,-9.457E-04
1.0132E-06,-5.551E-04
1.0136E-06,-8.480E-04
1.0140E-06,-9.457E-04
1.0144E-06,-4.574E-04
1.0148E-06,-2.621E-04
1.0152E-06,-7.504E-04
1.0156E-06,-8.480E-04
1.0160E-06,-8.480E-04
1.0164E-06,-7.504E-04
1.0168E-06,-4.574E-04
1.0172E-06,-4.574E-04
1.0176E-06,-1.141E-03
1.0180E-06,-3.598E-04
1.0184E-06,-7.504E-04
1.0188E-06,-7.504E-04
1.0192E-06,-5.551E-04
1.0196E-06,-6.527E-04
1.0200E-06,-9.457E-04
1.0204E-06,-7.504E-04
1.0208E-06,-6.527E-04
1.0212E-06,-6.527E-04
1.0216E-06,-5.551E-04
1.0220E-06,-5.551E-04
1.0224E-06,-4.574E-04
1.0228E-06,-5.551E-04
1.0232E-06,-5.551E-04
1.0236E-06,-5.551E-04
1.0240E-06,-7.504E-04
1.0244E-06,-5.551E-04
1.0248E-06,-6.527E-04
1.0252E-06,-7.504E-04
1.0256E-06,-3.598E-04
1.0260E-06,-2.621E-04
1.0264E-06,-1.645E-04
1.0268E-06,-1.141E-03
1.0272E-06,-1.043E-03
1.0276E-06,-8.480E-04
1.0280E-06,-9.457E-04
1.0284E-06,-9.457E-04
1.0288E-06,-6.527E-04
1.0292E-06,-9.457E-04
1.0296E-06,-3.598E-04
1.0300E-06,-9.457E-04
1.0304E-06,-8.480E-04
1.0308E-06,-5.551E-04
1.0312E-06,-1.141E-03
1.0316E-06,-5.551E-04
1.0320E-06,-5.551E-04
1.0324E-06,-5.551E-04
1.0328E-06,-5.551E-04
1.0332E-06,-9.457E-04
1.0336E-06,-1.043E-03
1.0340E-06,-3.598E-04
1.0344E-06,-7.504E-04
1.0348E-06,-8.480E-04
1.0352E-06,-8.480E-04
1.0356E-06,-4.574E-04
1.0360E-06,-6.527E-04
1.0364E-06,-1.043E-03
1.0368E-06,-8.480E-04
1.0372E-06,-5.551E-04
1.0376E-06,-6.527E-04
1.0380E-06,-9.457E-04
1.0384E-06,-5.551E-04
1.0388E-06,-8.480E-04
1.0392E-06,-1.043E-03
1.0396E-06,-5.551E-04
1.0400E-06,-6.527E-04
1.0404E-06,-9.457E-04
1.0408E-06,-9.457E-04
1.0412E-06,-7.504E-04
1.0416E-06,-7.504E-04
1.0420E-06,-5.551E-04
1.0424E-06,-6.527E-04
1.0428E-06,-5.551E-04
1.0432E-06,-5.551E-04
1.0436E-06,-8.480E-04
1.0440E-06,-8.480E-04
1.0444E-06,-7.504E-04
1.0448E-06,-8.480E-04
1.0452E-06,-7.504E-04
1.0456E-06,-4.574E-04
1.0460E-06,-8.480E-04
1.0464E-06,-8.480E-04
1.0468E-06,-8.480E-04
1.0472E-06,-8.480E-04
1.0476E-06,-5.551E-04
1.0480E-06,-8.480E-04
1.0484E-06,-9.457E-04
1.0488E-06,-8.480E-04
1.0492E-06,-7.504E-04
1.0496E-06,-5.551E-04
1.0500E-06,-7.504E-04
1.0504E-06,-7.504E-04
1.0508E-06,-4.574E-04
1.0512E-06,-8.480E-04
1.0516E-06,-5.551E-04
1.0520E-06,-5.551E-04
1.0524E-06,-7.504E-04
1.0528E-06,-3.598E-04
1.0532E-06,-6.527E-04
1.0536E-06,-8.480E-04
1.0540E-06,-7.504E-04
1.0544E-06,-4.574E-04
1.0548E-06,-5.551E-04
1.0552E-06,-4.574E-04
1.0556E-06,-1.043E-03
1.0560E-06,-9.457E-04
1.0564E-06,-5.551E-04
1.0568E-06,-8.480E-04
1.0572E-06,-5.551E-04
1.0576E-06,-4.574E-04
1.0580E-06,-5.551E-04
1.0584E-06,-5.551E-04
1.0588E-06,-1.141E-03
1.0592E-06,-8.480E-04
1.0596E-06,-5.551E-04
1.0600E-06,-1.239E-03
1.0604E-06,-1.141E-03
1.0608E-06,-1.239E-03
1.0612E-06,-8.480E-04
1.0616E-06,-5.551E-04
1.0620E-06,-7.504E-04
1.0624E-06,-6.527E-04
1.0628E-06,-1.141E-03
1.0632E-06,-9.457E-04
1.0636E-06,-1.043E-03
1.0640E-06,-8.480E-04
1.0644E-06,-5.551E-04
1.0648E-06,-8.480E-04
1.0652E-06,-1.043E-03
1.0656E-06,-8.480E-04
1.0660E-06,-9.457E-04
1.0664E-06,-9.457E-04
1.0668E-06,-1.043E-03
1.0672E-06,-6.527E-04
1.0676E-06,-9.457E-04
1.0680E-06,-9.457E-04
1.0684E-06,-1.141E-03
1.0688E-06,-9.457E-04
1.0692E-06,-5.551E-04
1.0696E-06,-9.457E-04
1.0700E-06,-6.527E-04
1.0704E-06,-5.551E-04
1.0708E-06,-9.457E-04
1.0712E-06,-1.043E-03
1.0716E-06,-8.480E-04
1.0720E-06,-7.504E-04
1.0724E-06,-7.504E-04
1.0728E-06,-8.480E-04
1.0732E-06,-9.457E-04
1.0736E-06,-8.480E-04
1.0740E-06,-5.551E-04
1.0744E-06,-3.598E-04
1.0748E-06,-1.239E-03
1.0752E-06,-9.457E-04
1.0756E-06,-6.527E-04
1.0760E-06,-1.043E-03
1.0764E-06,-6.527E-04
1.0768E-06,-9.457E-04
1.0772E-06,-7.504E-04
1.0776E-06,-7.504E-04
1.0780E-06,-7.504E-04
1.0784E-06,-9.457E-04
1.0788E-06,-6.527E-04
1.0792E-06,-1.239E-03
1.0796E-06,-7.504E-04
1.0800E-06,-9.457E-04
1.0804E-06,-9.457E-04
1.0808E-06,-6.527E-04
1.0812E-06,-9.457E-04
1.0816E-06,-8.480E-04
1.0820E-06,-9.457E-04
1.0824E-06,-7.504E-04
1.0828E-06,-9.457E-04
1.0832E-06,-5.551E-04
1.0836E-06,-9.457E-04
1.0840E-06,-6.527E-04
1.0844E-06,-1.043E-03
1.0848E-06,-1.336E-03
1.0852E-06,-4.574E-04
1.0856E-06,-1.336E-03
1.0860E-06,-1.239E-03
1.0864E-06,-7.504E-04
1.0868E-06,-1.239E-03
1.0872E-06,-9.457E-04
1.0876E-06,-6.527E-04
1.0880E-06,-7.504E-04
1.0884E-06,-8.480E-04
1.0888E-06,-8.480E-04
1.0892E-06,-8.480E-04
1.0896E-06,-1.141E-03
1.0900E-06,-1.239E-03
1.0904E-06,-8.480E-04
1.0908E-06,-9.457E-04
1.0912E-06,-5.551E-04
1.0916E-06,-8.480E-04
1.0920E-06,-9.457E-04
1.0924E-06,-1.043E-03
1.0928E-06,-8.480E-04
1.0932E-06,-9.457E-04
1.0936E-06,-5.551E-04
1.0940E-06,-9.457E-04
1.0944E-06,-9.457E-04
1.0948E-06,-7.504E-04
1.0952E-06,-1.239E-03
1.0956E-06,-9.457E-04
1.0960E-06,-1.043E-03
1.0964E-06,-1.239E-03
1.0968E-06,-9.457E-04
1.0972E-06,-8.480E-04
1.0976E-06,-8.480E-04
1.0980E-06,-7.504E-04
1.0984E-06,-1.043E-03
1.0988E-06,-8.480E-04
1.0992E-06,-1.043E-03
1.0996E-06,-8.480E-04
1.1000E-06,-5.551E-04
1.1004E-06,-1.141E-03
1.1008E-06,-9.457E-04
1.1012E-06,-2.621E-04
1.1016E-06,-9.457E-04
1.1020E-06,-9.457E-04
1.1024E-06,-9.457E-04
1.1028E-06,-7.504E-04
1.1032E-06,-8.480E-04
1.1036E-06,-9.457E-04
1.1040E-06,-8.480E-04
1.1044E-06,-8.480E-04
1.1048E-06,-8.480E-04
1.1052E-06,-5.551E-04
1.1056E-06,-6.527E-04
1.1060E-06,-7.504E-04
1.1064E-06,-3.598E-04
1.1068E-06,-1.043E-03
1.1072E-06,-5.551E-04
1.1076E-06,-9.457E-04
1.1080E-06,-5.551E-04
1.1084E-06,-7.504E-04
1.1088E-06,-9.457E-04
1.1092E-06,-1.141E-03
1.1096E-06,-8.480E-04
1.1100E-06,-7.504E-04
1.1104E-06,-1.239E-03
1.1108E-06,-5.551E-04
1.1112E-06,-9.457E-04
1.1116E-06,-1.043E-03
1.1120E-06,-5.551E-04
1.1124E-06,-6.527E-04
1.1128E-06,-9.457E-04
1.1132E-06,-1.141E-03
1.1136E-06,-7.504E-04
1.1140E-06,-5.551E-04
1.1144E-06,-1.239E-03
1.1148E-06,-1.434E-03
1.1152E-06,-8.480E-04
1.1156E-06,-3.598E-04
1.1160E-06,-6.527E-04
1.1164E-06,-1.043E-03
1.1168E-06,-8.480E-04
1.1172E-06,-9.457E-04
1.1176E-06,-8.480E-04
1.1180E-06,-1.043E-03
1.1184E-06,-1.141E-03
1.1188E-06,-6.527E-04
1.1192E-06,-8.480E-04
1.1196E-06,-8.480E-04
1.1200E-06,-1.043E-03
1.1204E-06,-6.527E-04
1.1208E-06,-7.504E-04
1.1212E-06,-9.457E-04
1.1216E-06,-8.480E-04
1.1220E-06,-5.551E-04
1.1224E-06,-1.141E-03
1.1228E-06,-8.480E-04
1.1232E-06,-6.527E-04
1.1236E-06,-8.480E-04
1.1240E-06,-8.480E-04
1.1244E-06,-1.239E-03
1.1248E-06,-9.457E-04
1.1252E-06,-9.457E-04
1.1256E-06,-9.457E-04
1.1260E-06,-1.043E-03
1.1264E-06,-8.480E-04
1.1268E-06,-7.504E-04
1.1272E-06,-8.480E-04
1.1276E-06,-1.043E-03
1.1280E-06,-9.457E-04
1.1284E-06,-7.504E-04
1.1288E-06,-1.043E-03
1.1292E-06,-8.480E-04
1.1296E-06,-1.141E-03
1.1300E-06,-7.504E-04
1.1304E-06,-8.480E-04
1.1308E-06,-1.141E-03
1.1312E-06,-1.141E-03
1.1316E-06,-1.043E-03
1.1320E-06,-9.457E-04
1.1324E-06,-5.551E-04
1.1328E-06,-1.043E-03
1.1332E-06,-8.480E-04
1.1336E-06,-8.480E-04
1.1340E-06,-8.480E-04
1.1344E-06,-8.480E-04
1.1348E-06,-1.239E-03
1.1352E-06,-6.527E-04
1.1356E-06,-1.043E-03
1.1360E-06,-1.141E-03
1.1364E-06,-9.457E-04
1.1368E-06,-1.434E-03
1.1372E-06,-1.141E-03
1.1376E-06,-6.527E-04
1.1380E-06,-7.504E-04
1.1384E-06,-8.480E-04
1.1388E-06,-6.527E-04
1.1392E-06,-9.457E-04
1.1396E-06,-5.551E-04
1.1400E-06,-1.336E-03
1.1404E-06,-9.457E-04
1.1408E-06,-8.480E-04
1.1412E-06,-6.527E-04
1.1416E-06,-3.598E-04
1.1420E-06,-8.480E-04
1.1424E-06,-7.504E-04
1.1428E-06,-6.527E-04
1.1432E-06,-6.527E-04
1.1436E-06,-5.551E-04
1.1440E-06,-4.574E-04
1.1444E-06,-9.457E-04
1.1448E-06,-5.551E-04
1.1452E-06,-5.551E-04
1.1456E-06,-8.480E-04
1.1460E-06,-5.551E-04
1.1464E-06,-8.480E-04
1.1468E-06,-1.141E-03
1.1472E-06,-6.527E-04
1.1476E-06,-2.621E-04
1.1480E-06,-8.480E-04
1.1484E-06,-7.504E-04
1.1488E-06,-4.574E-04
1.1492E-06,-8.480E-04
1.1496E-06,-9.457E-04
1.1500E-06,-1.239E-03
1.1504E-06,-8.480E-04
1.1508E-06,-9.457E-04
1.1512E-06,-7.504E-04
1.1516E-06,-1.239E-03
1.1520E-06,-9.457E-04
1.1524E-06,-7.504E-04
1.1528E-06,-9.457E-04
1.1532E-06,-1.141E-03
1.1536E-06,-8.480E-04
1.1540E-06,-7.504E-04
1.1544E-06,-9.457E-04
1.1548E-06,-6.527E-04
1.1552E-06,-9.457E-04
1.1556E-06,-8.480E-04
1.1560E-06,-1.239E-03
1.1564E-06,-8.480E-04
1.1568E-06,-8.480E-04
1.1572E-06,-8.480E-04
1.1576E-06,-8.480E-04
1.1580E-06,-7.504E-04
1.1584E-06,-8.480E-04
1.1588E-06,-9.457E-04
1.1592E-06,-1.434E-03
1.1596E-06,-1.141E-03
1.1600E-06,-6.527E-04
1.1604E-06,-1.043E-03
1.1608E-06,-1.043E-03
1.1612E-06,-6.527E-04
1.1616E-06,-3.598E-04
1.1620E-06,-1.043E-03
1.1624E-06,-1.043E-03
1.1628E-06,-8.480E-04
1.1632E-06,-7.504E-04
1.1636E-06,-4.574E-04
1.1640E-06,-9.457E-04
1.1644E-06,-1.043E-03
1.1648E-06,-5.551E-04
1.1652E-06,-7.504E-04
1.1656E-06,-7.504E-04
1.1660E-06,-6.527E-04
1.1664E-06,-1.043E-03
1.1668E-06,-9.457E-04
1.1672E-06,-4.574E-04
1.1676E-06,-1.043E-03
1.1680E-06,-7.504E-04
1.1684E-06,-8.480E-04
1.1688E-06,-1.239E-03
1.1692E-06,-1.141E-03
1.1696E-06,-8.480E-04
1.1700E-06,-1.141E-03
1.1704E-06,-8.480E-04
1.1708E-06,-8.480E-04
1.1712E-06,-7.504E-04
1.1716E-06,-2.621E-04
1.1720E-06,-1.141E-03
1.1724E-06,-9.457E-04
1.1728E-06,-9.457E-04
1.1732E-06,-7.504E-04
1.1736E-06,-6.527E-04
1.1740E-06,-6.527E-04
1.1744E-06,-9.457E-04
1.1748E-06,-8.480E-04
1.1752E-06,-1.239E-03
1.1756E-06,-1.336E-03
1.1760E-06,-5.551E-04
1.1764E-06,-9.457E-04
1.1768E-06,-1.141E-03
1.1772E-06,-1.043E-03
1.1776E-06,-8.480E-04
1.1780E-06,-5.551E-04
1.1784E-06,-5.551E-04
1.1788E-06,-9.457E-04
1.1792E-06,-9.457E-04
1.1796E-06,-8.480E-04
1.1800E-06,-1.141E-03
1.1804E-06,-5.551E-04
1.1808E-06,-6.527E-04
1.1812E-06,-5.551E-04
1.1816E-06,-8.480E-04
1.1820E-06,-7.504E-04
1.1824E-06,-5.551E-04
1.1828E-06,-5.551E-04
1.1832E-06,-7.504E-04
1.1836E-06,-1.141E-03
1.1840E-06,-1.043E-03
1.1844E-06,-8.480E-04
1.1848E-06,-9.457E-04
1.1852E-06,-9.457E-04
1.1856E-06,-6.527E-04
1.1860E-06,-8.480E-04
1.1864E-06,-9.457E-04
1.1868E-06,-9.457E-04
1.1872E-06,-7.504E-04
1.1876E-06,-1.043E-03
1.1880E-06,-1.141E-03
1.1884E-06,-7.504E-04
1.1888E-06,-9.457E-04
1.1892E-06,-9.457E-04
1.1896E-06,-4.574E-04
1.1900E-06,-8.480E-04
1.1904E-06,-5.551E-04
1.1908E-06,-8.480E-04
1.1912E-06,-3.598E-04
1.1916E-06,-8.480E-04
1.1920E-06,-3.598E-04
1.1924E-06,-5.551E-04
1.1928E-06,-5.551E-04
1.1932E-06,-1.141E-03
1.1936E-06,-9.457E-04
1.1940E-06,-7.504E-04
1.1944E-06,-1.239E-03
1.1948E-06,-8.480E-04
1.1952E-06,-6.527E-04
1.1956E-06,-1.239E-03
1.1960E-06,-7.504E-04
1.1964E-06,-6.527E-04
1.1968E-06,-8.480E-04
1.1972E-06,-8.480E-04
1.1976E-06,-9.457E-04
1.1980E-06,-8.480E-04
1.1984E-06,-6.527E-04
1.1988E-06,-9.457E-04
1.1992E-06,-6.527E-04
1.1996E-06,-1.043E-03
1.2000E-06,-6.527E-04
1.2004E-06,-1.043E-03
1.2008E-06,-8.480E-04
1.2012E-06,-9.457E-04
1.2016E-06,-1.043E-03
1.2020E-06,-1.141E-03
1.2024E-06,-1.141E-03
1.2028E-06,-8.480E-04
1.2032E-06,-1.043E-03
1.2036E-06,-5.551E-04
1.2040E-06,-6.527E-04
1.2044E-06,-9.457E-04
1.2048E-06,-9.457E-04
1.2052E-06,-1.043E-03
1.2056E-06,-6.527E-04
1.2060E-06,-8.480E-04
1.2064E-06,-1.141E-03
1.2068E-06,-8.480E-04
1.2072E-06,-1.141E-03
1.2076E-06,-1.043E-03
1.2080E-06,-1.141E-03
1.2084E-06,-9.457E-04
1.2088E-06,-6.527E-04
1.2092E-06,-1.239E-03
1.2096E-06,-7.504E-04
1.2100E-06,-8.480E-04
1.2104E-06,-8.480E-04
1.2108E-06,-6.527E-04
1.2112E-06,-1.043E-03
1.2116E-06,-1.239E-03
1.2120E-06,-5.551E-04
1.2124E-06,-8.480E-04
1.2128E-06,-1.043E-03
1.2132E-06,-1.043E-03
1.2136E-06,-1.239E-03
1.2140E-06,-8.480E-04
1.2144E-06,-8.480E-04
1.2148E-06,-7.504E-04
1.2152E-06,-3.598E-04
1.2156E-06,-1.043E-03
1.2160E-06,-8.480E-04
1.2164E-06,-6.527E-04
1.2168E-06,-4.574E-04
1.2172E-06,-1.141E-03
1.2176E-06,-9.457E-04
1.2180E-06,-6.527E-04
1.2184E-06,-7.504E-04
1.2188E-06,-1.043E-03
1.2192E-06,-5.551E-04
1.2196E-06,-9.457E-04
1.2200E-06,-9.457E-04
1.2204E-06,-1.141E-03
1.2208E-06,-1.043E-03
1.2212E-06,-9.457E-04
1.2216E-06,-5.551E-04
1.2220E-06,-1.239E-03
1.2224E-06,-1.043E-03
1.2228E-06,-5.551E-04
1.2232E-06,-5.551E-04
1.2236E-06,-1.141E-03
1.2240E-06,-1.434E-03
1.2244E-06,-5.551E-04
1.2248E-06,-9.457E-04
1.2252E-06,-1.141E-03
1.2256E-06,-8.480E-04
1.2260E-06,-7.504E-04
1.2264E-06,-8.480E-04
1.2268E-06,-6.527E-04
1.2272E-06,-9.457E-04
1.2276E-06,-1.141E-03
1.2280E-06,-1.141E-03
1.2284E-06,-8.480E-04
1.2288E-06,-5.551E-04
1.2292E-06,-8.480E-04
1.2296E-06,-1.239E-03
1.2300E-06,-1.043E-03
1.2304E-06,-9.457E-04
1.2308E-06,-9.457E-04
1.2312E-06,-9.457E-04
1.2316E-06,-1.043E-03
1.2320E-06,-1.043E-03
1.2324E-06,-7.504E-04
1.2328E-06,-9.457E-04
1.2332E-06,-9.457E-04
1.2336E-06,-1.043E-03
1.2340E-06,-6.527E-04
1.2344E-06,-7.504E-04
1.2348E-06,-1.239E-03
1.2352E-06,-5.551E-04
1.2356E-06,-6.527E-04
1.2360E-06,-7.504E-04
1.2364E-06,-7.504E-04
1.2368E-06,-1.043E-03
1.2372E-06,-1.239E-03
1.2376E-06,-9.457E-04
1.2380E-06,-5.551E-04
1.2384E-06,-7.504E-04
1.2388E-06,-9.457E-04
1.2392E-06,-1.043E-03
1.2396E-06,-1.141E-03
1.2400E-06,-9.457E-04
1.2404E-06,-9.457E-04
1.2408E-06,-8.480E-04
1.2412E-06,-8.480E-04
1.2416E-06,-8.480E-04
1.2420E-06,-9.457E-04
1.2424E-06,-8.480E-04
1.2428E-06,-1.434E-03
1.2432E-06,-1.629E-03
1.2436E-06,-9.457E-04
1.2440E-06,-7.504E-04
1.2444E-06,-1.141E-03
1.2448E-06,-9.457E-04
1.2452E-06,-8.480E-04
1.2456E-06,-1.336E-03
1.2460E-06,-9.457E-04
1.2464E-06,-1.239E-03
1.2468E-06,-9.457E-04
1.2472E-06,-9.457E-04
1.2476E-06,-1.141E-03
1.2480E-06,-8.480E-04
1.2484E-06,-5.551E-04
1.2488E-06,-8.480E-04
1.2492E-06,-1.141E-03
1.2496E-06,-9.457E-04
1.2500E-06,-9.457E-04
1.2504E-06,-1.434E-03
1.2508E-06,-1.239E-03
1.2512E-06,-9.457E-04
1.2516E-06,-1.239E-03
1.2520E-06,-1.043E-03
1.2524E-06,-9.457E-04
1.2528E-06,-3.598E-04
1.2532E-06,-9.457E-04
1.2536E-06,-1.043E-03
1.2540E-06,-1.239E-03
1.2544E-06,-1.043E-03
1.2548E-06,-5.551E-04
1.2552E-06,-9.457E-04
1.2556E-06,-7.504E-04
1.2560E-06,-7.504E-04
1.2564E-06,-3.598E-04
1.2568E-06,-5.551E-04
1.2572E-06,-1.043E-03
1.2576E-06,-5.551E-04
1.2580E-06,-8.480E-04
1.2584E-06,-1.141E-03
1.2588E-06,-9.457E-04
1.2592E-06,-1.141E-03
1.2596E-06,-8.480E-04
1.2600E-06,-1.239E-03
1.2604E-06,-1.141E-03
1.2608E-06,-9.457E-04
1.2612E-06,-8.480E-04
1.2616E-06,-8.480E-04
1.2620E-06,-8.480E-04
1.2624E-06,-8.480E-04
1.2628E-06,-1.239E-03
1.2632E-06,-9.457E-04
1.2636E-06,-1.043E-03
1.2640E-06,-8.480E-04
1.2644E-06,-1.043E-03
1.2648E-06,-1.239E-03
1.2652E-06,-8.480E-04
1.2656E-06,-7.504E-04
1.2660E-06,-1.043E-03
1.2664E-06,-1.043E-03
1.2668E-06,-7.504E-04
1.2672E-06,-1.043E-03
1.2676E-06,-1.141E-03
1.2680E-06,-1.141E-03
1.2684E-06,-1.043E-03
1.2688E-06,-6.527E-04
1.2692E-06,-9.457E-04
1.2696E-06,-1.043E-03
1.2700E-06,-8.480E-04
1.2704E-06,-9.457E-04
1.2708E-06,-1.043E-03
1.2712E-06,-9.457E-04
1.2716E-06,-1.141E-03
1.2720E-06,-9.457E-04
1.2724E-06,-9.457E-04
1.2728E-06,-5.551E-04
1.2732E-06,-1.141E-03
1.2736E-06,-9.457E-04
1.2740E-06,-9.457E-04
1.2744E-06,-8.480E-04
1.2748E-06,-1.141E-03
1.2752E-06,-6.527E-04
1.2756E-06,-8.480E-04
1.2760E-06,-9.457E-04
1.2764E-06,-9.457E-04
1.2768E-06,-7.504E-04
1.2772E-06,-1.043E-03
1.2776E-06,-9.457E-04
1.2780E-06,-1.434E-03
1.2784E-06,-1.141E-03
1.2788E-06,-9.457E-04
1.2792E-06,-7.504E-04
1.2796E-06,-1.043E-03
1.2800E-06,-1.239E-03
1.2804E-06,-5.551E-04
1.2808E-06,-1.239E-03
1.2812E-06,-1.434E-03
1.2816E-06,-8.480E-04
1.2820E-06,-1.141E-03
1.2824E-06,-9.457E-04
1.2828E-06,-9.457E-04
1.2832E-06,-9.457E-04
1.2836E-06,-1.239E-03
1.2840E-06,-9.457E-04
1.2844E-06,-1.434E-03
1.2848E-06,-1.141E-03
1.2852E-06,-9.457E-04
1.2856E-06,-9.457E-04
1.2860E-06,-9.457E-04
1.2864E-06,-1.043E-03
1.2868E-06,-1.043E-03
1.2872E-06,-9.457E-04
1.2876E-06,-1.141E-03
1.2880E-06,-9.457E-04
1.2884E-06,-1.043E-03
1.2888E-06,-2.621E-04
1.2892E-06,-6.527E-04
1.2896E-06,-1.239E-03
1.2900E-06,-8.480E-04
1.2904E-06,-8.480E-04
1.2908E-06,-1.141E-03
1.2912E-06,-8.480E-04
1.2916E-06,-6.527E-04
1.2920E-06,-6.527E-04
1.2924E-06,-7.504E-04
1.2928E-06,-1.141E-03
1.2932E-06,-8.480E-04
1.2936E-06,-1.141E-03
1.2940E-06,-1.043E-03
1.2944E-06,-7.504E-04
1.2948E-06,-6.527E-04
1.2952E-06,-6.527E-04
1.2956E-06,-1.043E-03
1.2960E-06,-7.504E-04
1.2964E-06,-5.551E-04
1.2968E-06,-9.457E-04
1.2972E-06,-1.434E-03
1.2976E-06,-8.480E-04
1.2980E-06,-8.480E-04
1.2984E-06,-1.239E-03
1.2988E-06,-8.480E-04
1.2992E-06,-1.336E-03
1.2996E-06,-1.141E-03
1.3000E-06,-8.480E-04
1.3004E-06,-1.043E-03
1.3008E-06,-9.457E-04
1.3012E-06,-7.504E-04
1.3016E-06,-6.527E-04
1.3020E-06,-1.043E-03
1.3024E-06,-9.457E-04
1.3028E-06,-9.457E-04
1.3032E-06,-6.527E-04
1.3036E-06,-8.480E-04
1.3040E-06,-2.621E-04
1.3044E-06,-1.043E-03
1.3048E-06,-8.480E-04
1.3052E-06,-1.043E-03
1.3056E-06,-9.457E-04
1.3060E-06,-1.043E-03
1.3064E-06,-9.457E-04
1.3068E-06,-1.141E-03
1.3072E-06,-1.239E-03
1.3076E-06,-7.504E-04
1.3080E-06,-9.457E-04
1.3084E-06,-1.239E-03
1.3088E-06,-9.457E-04
1.3092E-06,-6.527E-04
1.3096E-06,-8.480E-04
1.3100E-06,-4.574E-04
1.3104E-06,-1.141E-03
1.3108E-06,-8.480E-04
1.3112E-06,-9.457E-04
1.3116E-06,-1.141E-03
1.3120E-06,-1.043E-03
1.3124E-06,-1.239E-03
1.3128E-06,-7.504E-04
1.3132E-06,-8.480E-04
1.3136E-06,-9.457E-04
1.3140E-06,-4.574E-04
1.3144E-06,-8.480E-04
1.3148E-06,-1.141E-03
1.3152E-06,-1.043E-03
1.3156E-06,-1.043E-03
1.3160E-06,-1.336E-03
1.3164E-06,-6.527E-04
1.3168E-06,-8.480E-04
1.3172E-06,-1.043E-03
1.3176E-06,-8.480E-04
1.3180E-06,-1.043E-03
1.3184E-06,-9.457E-04
1.3188E-06,-9.457E-04
1.3192E-06,-9.457E-04
1.3196E-06,-6.527E-04
1.3200E-06,-9.457E-04
1.3204E-06,-9.457E-04
1.3208E-06,-7.504E-04
1.3212E-06,-1.043E-03
1.3216E-06,-1.239E-03
1.3220E-06,-9.457E-04
1.3224E-06,-1.043E-03
1.3228E-06,-1.043E-03
1.3232E-06,-1.239E-03
1.3236E-06,-6.527E-04
1.3240E-06,-1.239E-03
1.3244E-06,-1.239E-03
1.3248E-06,-8.480E-04
1.3252E-06,-5.551E-04
1.3256E-06,-2.621E-04
1.3260E-06,-8.480E-04
1.3264E-06,-9.457E-04
1.3268E-06,-8.480E-04
1.3272E-06,-9.457E-04
1.3276E-06,-8.480E-04
1.3280E-06,-9.457E-04
1.3284E-06,-8.480E-04
1.3288E-06,-1.336E-03
1.3292E-06,-1.043E-03
1.3296E-06,-1.336E-03
1.3300E-06,-5.551E-04
1.3304E-06,-5.551E-04
1.3308E-06,-5.551E-04
1.3312E-06,-1.141E-03
1.3316E-06,-6.527E-04
1.3320E-06,-8.480E-04
1.3324E-06,-9.457E-04
1.3328E-06,-8.480E-04
1.3332E-06,-5.551E-04
1.3336E-06,-8.480E-04
1.3340E-06,-8.480E-04
1.3344E-06,-1.141E-03
1.3348E-06,-6.527E-04
1.3352E-06,-1.043E-03
1.3356E-06,-1.043E-03
1.3360E-06,-1.239E-03
1.3364E-06,-8.480E-04
1.3368E-06,-8.480E-04
1.3372E-06,-1.239E-03
1.3376E-06,-7.504E-04
1.3380E-06,-8.480E-04
1.3384E-06,-1.141E-03
1.3388E-06,-8.480E-04
1.3392E-06,-9.457E-04
1.3396E-06,-3.598E-04
1.3400E-06,-8.480E-04
1.3404E-06,-8.480E-04
1.3408E-06,-6.527E-04
1.3412E-06,-9.457E-04
1.3416E-06,-1.239E-03
1.3420E-06,-1.043E-03
1.3424E-06,-1.043E-03
1.3428E-06,-9.457E-04
1.3432E-06,-9.457E-04
1.3436E-06,-1.239E-03
1.3440E-06,-6.527E-04
1.3444E-06,-9.457E-04
1.3448E-06,-9.457E-04
1.3452E-06,-9.457E-04
1.3456E-06,-9.457E-04
1.3460E-06,-1.043E-03
1.3464E-06,-1.043E-03
1.3468E-06,-5.551E-04
1.3472E-06,-8.480E-04
1.3476E-06,-8.480E-04
1.3480E-06,-9.457E-04
1.3484E-06,-8.480E-04
1.3488E-06,-6.527E-04
1.3492E-06,-1.239E-03
1.3496E-06,-1.141E-03
1.3500E-06,-1.239E-03
1.3504E-06,-1.043E-03
1.3508E-06,-6.527E-04
1.3512E-06,-7.504E-04
1.3516E-06,-8.480E-04
1.3520E-06,-1.336E-03
1.3524E-06,-1.043E-03
1.3528E-06,-9.457E-04
1.3532E-06,-9.457E-04
1.3536E-06,-5.551E-04
1.3540E-06,-1.141E-03
1.3544E-06,-1.043E-03
1.3548E-06,-9.457E-04
1.3552E-06,-9.457E-04
1.3556E-06,-9.457E-04
1.3560E-06,-9.457E-04
1.3564E-06,-7.504E-04
1.3568E-06,-9.457E-04
1.3572E-06,-1.336E-03
1.3576E-06,-1.043E-03
1.3580E-06,-1.141E-03
1.3584E-06,-1.239E-03
1.3588E-06,-4.574E-04
1.3592E-06,-5.551E-04
1.3596E-06,-9.457E-04
1.3600E-06,-1.043E-03
1.3604E-06,-9.457E-04
1.3608E-06,-1.141E-03
1.3612E-06,-4.574E-04
1.3616E-06,-5.551E-04
1.3620E-06,-5.551E-04
1.3624E-06,-1.239E-03
1.3628E-06,-9.457E-04
1.3632E-06,-8.480E-04
1.3636E-06,-1.141E-03
1.3640E-06,-8.480E-04
1.3644E-06,-1.141E-03
1.3648E-06,-9.457E-04
1.3652E-06,-8.480E-04
1.3656E-06,-8.480E-04
1.3660E-06,-9.457E-04
1.3664E-06,-9.457E-04
1.3668E-06,-6.527E-04
1.3672E-06,-9.457E-04
1.3676E-06,-1.434E-03
1.3680E-06,-6.527E-04
1.3684E-06,-9.457E-04
1.3688E-06,-8.480E-04
1.3692E-06,-1.043E-03
1.3696E-06,-9.457E-04
1.3700E-06,-8.480E-04
1.3704E-06,-8.480E-04
1.3708E-06,-8.480E-04
1.3712E-06,-1.141E-03
1.3716E-06,-5.551E-04
1.3720E-06,-1.043E-03
1.3724E-06,-1.141E-03
1.3728E-06,-1.239E-03
1.3732E-06,-1.141E-03
1.3736E-06,-5.551E-04
1.3740E-06,-6.527E-04
1.3744E-06,-1.043E-03
1.3748E-06,-1.141E-03
1.3752E-06,-5.551E-04
1.3756E-06,-4.574E-04
1.3760E-06,-1.239E-03
1.3764E-06,-8.480E-04
1.3768E-06,-8.480E-04
1.3772E-06,-1.043E-03
1.3776E-06,-1.239E-03
1.3780E-06,-9.457E-04
1.3784E-06,-1.141E-03
1.3788E-06,-1.141E-03
1.3792E-06,-1.043E-03
1.3796E-06,-1.043E-03
1.3800E-06,-1.043E-03
1.3804E-06,-1.043E-03
1.3808E-06,-1.239E-03
1.3812E-06,-5.551E-04
1.3816E-06,-7.504E-04
1.3820E-06,-1.141E-03
1.3824E-06,-1.043E-03
1.3828E-06,-6.527E-04
1.3832E-06,-8.480E-04
1.3836E-06,-1.043E-03
1.3840E-06,-8.480E-04
1.3844E-06,-6.527E-04
1.3848E-06,-7.504E-04
1.3852E-06,-1.141E-03
1.3856E-06,-9.457E-04
1.3860E-06,-8.480E-04
1.3864E-06,-9.457E-04
1.3868E-06,-1.043E-03
1.3872E-06,-1.141E-03
1.3876E-06,-6.527E-04
1.3880E-06,-8.480E-04
1.3884E-06,-8.480E-04
1.3888E-06,-6.527E-04
1.3892E-06,-7.504E-04
1.3896E-06,-6.527E-04
1.3900E-06,-7.504E-04
1.3904E-06,-8.480E-04
1.3908E-06,-1.141E-03
1.3912E-06,-4.574E-04
1.3916E-06,-7.504E-04
1.3920E-06,-1.043E-03
1.3924E-06,-8.480E-04
1.3928E-06,-7.504E-04
1.3932E-06,-9.457E-04
1.3936E-06,-8.480E-04
1.3940E-06,-9.457E-04
1.3944E-06,-1.043E-03
1.3948E-06,-8.480E-04
1.3952E-06,-8.480E-04
1.3956E-06,-1.141E-03
1.3960E-06,-1.043E-03
1.3964E-06,-8.480E-04
1.3968E-06,-1.239E-03
1.3972E-06,-5.551E-04
1.3976E-06,-5.551E-04
1.3980E-06,-1.043E-03
1.3984E-06,-8.480E-04
1.3988E-06,-8.480E-04
1.3992E-06,-1.141E-03
1.3996E-06,-1.043E-03
1.4000E-06,-5.551E-04
1.4004E-06,-7.504E-04
1.4008E-06,-7.504E-04
1.4012E-06,-1.239E-03
1.4016E-06,-8.480E-04
1.4020E-06,-7.504E-04
1.4024E-06,-1.532E-03
1.4028E-06,-9.457E-04
1.4032E-06,-9.457E-04
1.4036E-06,-7.504E-04
1.4040E-06,-9.457E-04
1.4044E-06,-1.141E-03
1.4048E-06,-9.457E-04
1.4052E-06,-9.457E-04
1.4056E-06,-5.551E-04
1.4060E-06,-8.480E-04
1.4064E-06,-3.598E-04
1.4068E-06,-9.457E-04
1.4072E-06,-8.480E-04
1.4076E-06,-9.457E-04
1.4080E-06,-8.480E-04
1.4084E-06,-1.239E-03
1.4088E-06,-1.239E-03
1.4092E-06,-1.239E-03
1.4096E-06,-1.336E-03
1.4100E-06,-1.043E-03
1.4104E-06,-9.457E-04
1.4108E-06,-1.141E-03
1.4112E-06,-1.043E-03
1.4116E-06,-7.504E-04
1.4120E-06,-1.141E-03
1.4124E-06,-1.336E-03
1.4128E-06,-9.457E-04
1.4132E-06,-6.527E-04
1.4136E-06,-2.621E-04
1.4140E-06,-1.141E-03
1.4144E-06,-1.043E-03
1.4148E-06,-7.504E-04
1.4152E-06,-1.141E-03
1.4156E-06,-1.141E-03
1.4160E-06,-9.457E-04
1.4164E-06,-6.527E-04
1.4168E-06,-7.504E-04
1.4172E-06,-9.457E-04
1.4176E-06,-1.141E-03
1.4180E-06,-6.527E-04
1.4184E-06,-1.239E-03
1.4188E-06,-1.336E-03
1.4192E-06,-1.434E-03
1.4196E-06,-9.457E-04
1.4200E-06,-1.239E-03
1.4204E-06,-8.480E-04
1.4208E-06,-7.504E-04
1.4212E-06,-6.527E-04
1.4216E-06,-5.551E-04
1.4220E-06,-9.457E-04
1.4224E-06,-1.239E-03
1.4228E-06,-5.551E-04
1.4232E-06,-6.527E-04
1.4236E-06,-1.043E-03
1.4240E-06,-9.457E-04
1.4244E-06,-1.141E-03
1.4248E-06,-8.480E-04
1.4252E-06,-9.457E-04
1.4256E-06,-3.598E-04
1.4260E-06,-8.480E-04
1.4264E-06,-3.598E-04
1.4268E-06,-8.480E-04
1.4272E-06,-1.141E-03
1.4276E-06,-8.480E-04
1.4280E-06,-1.043E-03
1.4284E-06,-1.043E-03
1.4288E-06,-9.457E-04
1.4292E-06,-1.239E-03
1.4296E-06,-1.043E-03
1.4300E-06,-1.043E-03
1.4304E-06,-9.457E-04
1.4308E-06,-4.574E-04
1.4312E-06,-9.457E-04
1.4316E-06,-7.504E-04
1.4320E-06,-1.043E-03
1.4324E-06,-9.457E-04
1.4328E-06,-8.480E-04
1.4332E-06,-1.141E-03
1.4336E-06,-1.336E-03
1.4340E-06,-9.457E-04
1.4344E-06,-1.434E-03
1.4348E-06,-9.457E-04
1.4352E-06,-1.141E-03
1.4356E-06,-9.457E-04
1.4360E-06,-9.457E-04
1.4364E-06,-8.480E-04
1.4368E-06,-8.480E-04
1.4372E-06,-1.043E-03
1.4376E-06,-1.532E-03
1.4380E-06,-1.336E-03
1.4384E-06,-9.457E-04
1.4388E-06,-7.504E-04
1.4392E-06,-3.598E-04
1.4396E-06,-8.480E-04
1.4400E-06,-1.141E-03
1.4404E-06,-4.574E-04
1.4408E-06,-8.480E-04
1.4412E-06,-9.457E-04
1.4416E-06,-9.457E-04
1.4420E-06,-1.239E-03
1.4424E-06,-4.574E-04
1.4428E-06,-6.527E-04
1.4432E-06,-9.457E-04
1.4436E-06,-1.141E-03
1.4440E-06,-1.043E-03
1.4444E-06,-8.480E-04
1.4448E-06,-1.141E-03
1.4452E-06,-6.527E-04
1.4456E-06,-8.480E-04
1.4460E-06,-1.043E-03
1.4464E-06,-1.043E-03
1.4468E-06,-6.527E-04
1.4472E-06,-1.336E-03
1.4476E-06,-1.141E-03
1.4480E-06,-9.457E-04
1.4484E-06,-9.457E-04
1.4488E-06,-5.551E-04
1.4492E-06,-1.141E-03
1.4496E-06,-8.480E-04
1.4500E-06,-6.527E-04
1.4504E-06,-9.457E-04
1.4508E-06,-7.504E-04
1.4512E-06,-7.504E-04
1.4516E-06,-7.504E-04
1.4520E-06,-9.457E-04
1.4524E-06,-1.043E-03
1.4528E-06,-1.043E-03
1.4532E-06,-8.480E-04
1.4536E-06,-9.457E-04
1.4540E-06,-8.480E-04
1.4544E-06,-9.457E-04
1.4548E-06,-1.141E-03
1.4552E-06,-1.141E-03
1.4556E-06,-9.457E-04
1.4560E-06,-1.239E-03
1.4564E-06,-7.504E-04
1.4568E-06,-8.480E-04
1.4572E-06,-8.480E-04
1.4576E-06,-1.043E-03
1.4580E-06,-8.480E-04
1.4584E-06,-3.598E-04
1.4588E-06,-8.480E-04
1.4592E-06,-8.480E-04
1.4596E-06,-5.551E-04
1.4600E-06,-1.043E-03
1.4604E-06,-8.480E-04
1.4608E-06,-8.480E-04
1.4612E-06,-8.480E-04
1.4616E-06,-8.480E-04
1.4620E-06,-8.480E-04
1.4624E-06,-6.527E-04
1.4628E-06,-5.551E-04
1.4632E-06,-3.598E-04
1.4636E-06,-1.239E-03
1.4640E-06,-8.480E-04
1.4644E-06,-1.645E-04
1.4648E-06,-9.457E-04
1.4652E-06,-1.141E-03
1.4656E-06,-7.504E-04
1.4660E-06,-9.457E-04
1.4664E-06,-9.457E-04
1.4668E-06,-6.527E-04
1.4672E-06,-1.043E-03
1.4676E-06,-9.457E-04
1.4680E-06,-8.480E-04
1.4684E-06,-8.480E-04
1.4688E-06,-1.141E-03
1.4692E-06,-8.480E-04
1.4696E-06,-7.504E-04
1.4700E-06,-1.141E-03
1.4704E-06,-9.457E-04
1.4708E-06,-1.141E-03
1.4712E-06,-9.457E-04
1.4716E-06,-8.480E-04
1.4720E-06,-6.527E-04
1.4724E-06,-6.527E-04
1.4728E-06,-9.457E-04
1.4732E-06,-1.043E-03
1.4736E-06,-1.043E-03
1.4740E-06,-9.457E-04
1.4744E-06,-8.480E-04
1.4748E-06,-8.480E-04
1.4752E-06,-8.480E-04
1.4756E-06,-6.527E-04
1.4760E-06,-1.043E-03
1.4764E-06,-1.141E-03
1.4768E-06,-5.551E-04
1.4772E-06,-7.504E-04
1.4776E-06,-6.527E-04
1.4780E-06,-1.239E-03
1.4784E-06,-1.532E-03
1.4788E-06,-1.043E-03
1.4792E-06,-9.457E-04
1.4796E-06,-9.457E-04
1.4800E-06,-5.551E-04
1.4804E-06,-3.598E-04
1.4808E-06,-8.480E-04
1.4812E-06,-4.574E-04
1.4816E-06,-1.043E-03
1.4820E-06,-6.527E-04
1.4824E-06,-9.457E-04
1.4828E-06,-9.457E-04
1.4832E-06,-9.457E-04
1.4836E-06,-7.504E-04
1.4840E-06,-6.527E-04
1.4844E-06,-1.141E-03
1.4848E-06,-1.043E-03
1.4852E-06,-8.480E-04
1.4856E-06,-5.551E-04
1.4860E-06,-8.480E-04
1.4864E-06,-8.480E-04
1.4868E-06,-8.480E-04
1.4872E-06,-7.504E-04
1.4876E-06,-7.504E-04
1.4880E-06,-8.480E-04
1.4884E-06,-4.574E-04
1.4888E-06,-9.457E-04
1.4892E-06,-1.043E-03
1.4896E-06,-1.141E-03
1.4900E-06,-1.239E-03
1.4904E-06,-6.527E-04
1.4908E-06,-6.527E-04
1.4912E-06,-4.574E-04
1.4916E-06,-8.480E-04
1.4920E-06,-1.336E-03
1.4924E-06,-8.480E-04
1.4928E-06,-9.457E-04
1.4932E-06,-1.239E-03
1.4936E-06,-9.457E-04
1.4940E-06,-5.551E-04
1.4944E-06,-7.504E-04
1.4948E-06,-1.239E-03
1.4952E-06,-1.239E-03
1.4956E-06,-5.551E-04
1.4960E-06,-9.457E-04
1.4964E-06,-6.527E-04
1.4968E-06,-8.480E-04
1.4972E-06,-1.141E-03
1.4976E-06,-6.527E-04
1.4980E-06,-7.504E-04
1.4984E-06,-1.141E-03
1.4988E-06,-9.457E-04
1.4992E-06,-1.239E-03
1.4996E-06,-6.527E-04
1.5000E-06,-6.527E-04
1.5004E-06,-9.457E-04
1.5008E-06,-9.457E-04
1.5012E-06,-1.043E-03
1.5016E-06,-1.434E-03
1.5020E-06,-1.239E-03
1.5024E-06,-9.457E-04
1.5028E-06,-1.239E-03
1.5032E-06,-9.457E-04
1.5036E-06,-1.141E-03
1.5040E-06,-9.457E-04
1.5044E-06,-8.480E-04
1.5048E-06,-1.043E-03
1.5052E-06,-1.043E-03
1.5056E-06,-5.551E-04
1.5060E-06,-6.527E-04
1.5064E-06,-8.480E-04
1.5068E-06,-9.457E-04
1.5072E-06,-4.574E-04
1.5076E-06,-1.336E-03
1.5080E-06,-1.043E-03
1.5084E-06,-1.141E-03
1.5088E-06,-1.141E-03
1.5092E-06,-9.457E-04
1.5096E-06,-8.480E-04
1.5100E-06,-9.457E-04
1.5104E-06,-8.480E-04
1.5108E-06,-5.551E-04
1.5112E-06,-9.457E-04
1.5116E-06,-1.043E-03
1.5120E-06,-9.457E-04
1.5124E-06,-9.457E-04
1.5128E-06,-1.141E-03
1.5132E-06,-6.527E-04
1.5136E-06,-9.457E-04
1.5140E-06,-7.504E-04
1.5144E-06,-8.480E-04
1.5148E-06,-8.480E-04
1.5152E-06,-7.504E-04
1.5156E-06,-6.527E-04
1.5160E-06,-1.336E-03
1.5164E-06,-1.532E-03
1.5168E-06,-1.239E-03
1.5172E-06,-1.141E-03
1.5176E-06,-1.239E-03
1.5180E-06,-1.141E-03
1.5184E-06,-1.043E-03
1.5188E-06,-6.527E-04
1.5192E-06,-9.457E-04
1.5196E-06,-8.480E-04
1.5200E-06,-9.457E-04
1.5204E-06,-2.621E-04
1.5208E-06,-8.480E-04
1.5212E-06,-6.527E-04
1.5216E-06,-1.645E-04
1.5220E-06,-7.504E-04
1.5224E-06,-9.457E-04
1.5228E-06,-8.480E-04
1.5232E-06,-8.480E-04
1.5236E-06,-9.457E-04
1.5240E-06,-1.141E-03
1.5244E-06,-8.480E-04
1.5248E-06,-5.551E-04
1.5252E-06,-9.457E-04
1.5256E-06,-6.527E-04
1.5260E-06,-1.141E-03
1.5264E-06,-7.504E-04
1.5268E-06,-1.043E-03
1.5272E-06,-1.239E-03
1.5276E-06,-7.504E-04
1.5280E-06,-1.043E-03
1.5284E-06,-8.480E-04
1.5288E-06,-8.480E-04
1.5292E-06,-1.141E-03
1.5296E-06,-1.043E-03
1.5300E-06,-6.527E-04
1.5304E-06,-8.480E-04
1.5308E-06,-1.239E-03
1.5312E-06,-1.043E-03
1.5316E-06,-8.480E-04
1.5320E-06,-7.504E-04
1.5324E-06,-1.141E-03
1.5328E-06,-9.457E-04
1.5332E-06,-8.480E-04
1.5336E-06,-1.336E-03
1.5340E-06,-9.457E-04
1.5344E-06,-5.551E-04
1.5348E-06,-8.480E-04
1.5352E-06,-4.574E-04
1.5356E-06,-6.527E-04
1.5360E-06,-6.527E-04
1.5364E-06,-8.480E-04
1.5368E-06,-5.551E-04
1.5372E-06,-7.504E-04
1.5376E-06,-8.480E-04
1.5380E-06,-7.504E-04
1.5384E-06,-5.551E-04
1.5388E-06,-7.504E-04
1.5392E-06,-7.504E-04
1.5396E-06,-1.239E-03
1.5400E-06,-4.574E-04
1.5404E-06,-5.551E-04
1.5408E-06,-1.141E-03
1.5412E-06,-1.239E-03
1.5416E-06,-5.551E-04
1.5420E-06,-1.141E-03
1.5424E-06,-9.457E-04
1.5428E-06,-1.043E-03
1.5432E-06,-1.141E-03
1.5436E-06,-1.141E-03
1.5440E-06,-7.504E-04
1.5444E-06,-5.551E-04
1.5448E-06,-7.504E-04
1.5452E-06,-6.527E-04
1.5456E-06,-8.480E-04
1.5460E-06,-1.141E-03
1.5464E-06,-7.504E-04
1.5468E-06,-7.504E-04
1.5472E-06,-7.504E-04
1.5476E-06,-7.504E-04
1.5480E-06,-9.457E-04
1.5484E-06,-7.504E-04
1.5488E-06,-1.043E-03
1.5492E-06,-9.457E-04
1.5496E-06,-6.527E-04
1.5500E-06,-9.457E-04
1.5504E-06,-9.457E-04
1.5508E-06,-6.527E-04
1.5512E-06,-8.480E-04
1.5516E-06,-6.527E-04
1.5520E-06,-1.141E-03
1.5524E-06,-8.480E-04
1.5528E-06,-1.141E-03
1.5532E-06,-6.527E-04
1.5536E-06,-9.457E-04
1.5540E-06,-5.551E-04
1.5544E-06,-5.551E-04
1.5548E-06,-6.527E-04
1.5552E-06,-1.239E-03
1.5556E-06,-9.457E-04
1.5560E-06,-1.239E-03
1.5564E-06,-1.043E-03
1.5568E-06,-7.504E-04
1.5572E-06,-1.239E-03
1.5576E-06,-8.480E-04
1.5580E-06,-7.504E-04
1.5584E-06,-1.043E-03
1.5588E-06,-9.457E-04
1.5592E-06,-1.141E-03
1.5596E-06,-1.043E-03
1.5600E-06,-1.043E-03
1.5604E-06,-6.527E-04
1.5608E-06,-1.239E-03
1.5612E-06,-1.043E-03
1.5616E-06,-5.551E-04
1.5620E-06,-9.457E-04
1.5624E-06,-1.141E-03
1.5628E-06,-9.457E-04
1.5632E-06,-6.527E-04
1.5636E-06,-8.480E-04
1.5640E-06,-7.504E-04
1.5644E-06,-1.043E-03
1.5648E-06,-1.141E-03
1.5652E-06,-7.504E-04
1.5656E-06,-5.551E-04
1.5660E-06,-1.043E-03
1.5664E-06,-1.043E-03
1.5668E-06,-7.504E-04
1.5672E-06,-1.043E-03
1.5676E-06,-6.527E-04
1.5680E-06,-8.480E-04
1.5684E-06,-1.141E-03
1.5688E-06,-1.239E-03
1.5692E-06,-6.527E-04
1.5696E-06,-4.574E-04
1.5700E-06,-5.551E-04
1.5704E-06,-6.527E-04
1.5708E-06,-1.043E-03
1.5712E-06,-1.043E-03
1.5716E-06,-9.457E-04
1.5720E-06,-6.527E-04
1.5724E-06,-1.336E-03
1.5728E-06,-9.457E-04
1.5732E-06,-9.457E-04
1.5736E-06,-9.457E-04
1.5740E-06,-2.621E-04
1.5744E-06,-8.480E-04
1.5748E-06,-1.141E-03
1.5752E-06,-9.457E-04
1.5756E-06,-3.598E-04
1.5760E-06,-5.551E-04
1.5764E-06,-9.457E-04
1.5768E-06,-1.043E-03
1.5772E-06,-8.480E-04
1.5776E-06,-1.239E-03
1.5780E-06,-9.457E-04
1.5784E-06,-9.457E-04
1.5788E-06,-1.141E-03
1.5792E-06,-8.480E-04
1.5796E-06,-7.504E-04
1.5800E-06,-7.504E-04
1.5804E-06,-6.527E-04
1.5808E-06,-8.480E-04
1.5812E-06,-3.598E-04
1.5816E-06,-5.551E-04
1.5820E-06,-9.457E-04
1.5824E-06,-8.480E-04
1.5828E-06,-8.480E-04
1.5832E-06,-8.480E-04
1.5836E-06,-7.504E-04
1.5840E-06,-9.457E-04
1.5844E-06,-5.551E-04
1.5848E-06,-9.457E-04
1.5852E-06,-1.532E-03
1.5856E-06,-1.141E-03
1.5860E-06,-1.141E-03
1.5864E-06,-1.043E-03
1.5868E-06,-7.504E-04
1.5872E-06,-8.480E-04
1.5876E-06,-5.551E-04
1.5880E-06,-9.457E-04
1.5884E-06,-1.043E-03
1.5888E-06,-8.480E-04
1.5892E-06,-8.480E-04
1.5896E-06,-5.551E-04
1.5900E-06,-8.480E-04
1.5904E-06,-5.551E-04
1.5908E-06,-1.043E-03
1.5912E-06,-1.532E-03
1.5916E-06,-1.239E-03
1.5920E-06,-1.141E-03
1.5924E-06,-1.043E-03
1.5928E-06,-8.480E-04
1.5932E-06,-5.551E-04
1.5936E-06,-7.504E-04
1.5940E-06,-9.457E-04
1.5944E-06,-1.239E-03
1.5948E-06,-9.457E-04
1.5952E-06,-6.527E-04
1.5956E-06,-8.480E-04
1.5960E-06,-8.480E-04
1.5964E-06,-1.043E-03
1.5968E-06,-9.457E-04
1.5972E-06,-7.504E-04
1.5976E-06,-9.457E-04
1.5980E-06,-9.457E-04
1.5984E-06,-1.141E-03
1.5988E-06,-8.480E-04
1.5992E-06,-1.043E-03
1.5996E-06,-9.457E-04
1.6000E-06,-1.043E-03
1.6004E-06,-1.043E-03
1.6008E-06,-1.043E-03
1.6012E-06,-1.141E-03
1.6016E-06,-1.043E-03
1.6020E-06,-6.527E-04
1.6024E-06,-5.551E-04
1.6028E-06,-1.239E-03
1.6032E-06,-7.504E-04
1.6036E-06,-9.457E-04
1.6040E-06,-9.457E-04
1.6044E-06,-5.551E-04
1.6048E-06,-9.457E-04
1.6052E-06,-8.480E-04
1.6056E-06,-3.598E-04
1.6060E-06,-1.043E-03
1.6064E-06,-1.141E-03
1.6068E-06,-5.551E-04
1.6072E-06,-9.457E-04
1.6076E-06,-7.504E-04
1.6080E-06,-9.457E-04
1.6084E-06,-8.480E-04
1.6088E-06,-9.457E-04
1.6092E-06,-9.457E-04
1.6096E-06,-1.239E-03
1.6100E-06,-1.239E-03
1.6104E-06,-1.043E-03
1.6108E-06,-5.551E-04
1.6112E-06,-8.480E-04
1.6116E-06,-6.527E-04
1.6120E-06,-9.457E-04
1.6124E-06,-1.043E-03
1.6128E-06,-1.141E-03
1.6132E-06,-7.504E-04
1.6136E-06,-9.457E-04
1.6140E-06,-1.043E-03
1.6144E-06,-5.551E-04
1.6148E-06,-3.598E-04
1.6152E-06,-8.480E-04
1.6156E-06,-7.504E-04
1.6160E-06,-6.527E-04
1.6164E-06,-5.551E-04
1.6168E-06,-9.457E-04
1.6172E-06,-9.457E-04
1.6176E-06,-6.527E-04
1.6180E-06,-9.457E-04
1.6184E-06,-9.457E-04
1.6188E-06,-1.043E-03
1.6192E-06,-9.457E-04
1.6196E-06,-8.480E-04
1.6200E-06,-8.480E-04
1.6204E-06,-9.457E-04
1.6208E-06,-1.043E-03
1.6212E-06,-7.504E-04
1.6216E-06,-7.504E-04
1.6220E-06,-7.504E-04
1.6224E-06,-5.551E-04
1.6228E-06,-6.527E-04
1.6232E-06,-7.504E-04
1.6236E-06,-8.480E-04
1.6240E-06,-5.551E-04
1.6244E-06,-8.480E-04
1.6248E-06,-8.480E-04
1.6252E-06,-7.504E-04
1.6256E-06,-7.504E-04
1.6260E-06,-8.480E-04
1.6264E-06,-1.239E-03
1.6268E-06,-1.141E-03
1.6272E-06,-8.480E-04
1.6276E-06,-6.527E-04
1.6280E-06,-7.504E-04
1.6284E-06,-8.480E-04
1.6288E-06,-5.551E-04
1.6292E-06,-7.504E-04
1.6296E-06,-7.504E-04
1.6300E-06,-8.480E-04
1.6304E-06,-7.504E-04
1.6308E-06,-6.527E-04
1.6312E-06,-6.527E-04
1.6316E-06,-7.504E-04
1.6320E-06,-1.141E-03
1.6324E-06,-6.527E-04
1.6328E-06,-1.043E-03
1.6332E-06,-9.457E-04
1.6336E-06,-4.574E-04
1.6340E-06,-7.504E-04
1.6344E-06,-4.574E-04
1.6348E-06,-7.504E-04
1.6352E-06,-7.504E-04
1.6356E-06,-8.480E-04
1.6360E-06,-8.480E-04
1.6364E-06,-6.527E-04
1.6368E-06,-8.480E-04
1.6372E-06,-9.457E-04
1.6376E-06,-7.504E-04
1.6380E-06,-7.504E-04
1.6384E-06,-3.598E-04
1.6388E-06,-3.598E-04
1.6392E-06,-1.239E-03
1.6396E-06,-9.457E-04
1.6400E-06,-9.457E-04
1.6404E-06,-6.527E-04
1.6408E-06,-1.141E-03
1.6412E-06,-8.480E-04
1.6416E-06,-1.141E-03
1.6420E-06,-5.551E-04
1.6424E-06,-6.527E-04
1.6428E-06,-1.239E-03
1.6432E-06,-9.457E-04
1.6436E-06,-9.457E-04
1.6440E-06,-1.043E-03
1.6444E-06,-1.239E-03
1.6448E-06,-9.457E-04
1.6452E-06,-5.551E-04
1.6456E-06,-8.480E-04
1.6460E-06,-8.480E-04
1.6464E-06,-7.504E-04
1.6468E-06,-5.551E-04
1.6472E-06,-5.551E-04
1.6476E-06,-1.043E-03
1.6480E-06,-1.043E-03
1.6484E-06,-1.043E-03
1.6488E-06,-1.239E-03
1.6492E-06,-9.457E-04
1.6496E-06,-8.480E-04
1.6500E-06,-4.574E-04
1.6504E-06,-9.457E-04
1.6508E-06,-7.504E-04
1.6512E-06,-1.043E-03
1.6516E-06,-2.621E-04
1.6520E-06,-6.527E-04
1.6524E-06,-6.527E-04
1.6528E-06,-9.457E-04
1.6532E-06,-6.527E-04
1.6536E-06,-8.480E-04
1.6540E-06,-9.457E-04
1.6544E-06,-1.239E-03
1.6548E-06,-8.480E-04
1.6552E-06,-1.141E-03
1.6556E-06,-1.043E-03
1.6560E-06,-8.480E-04
1.6564E-06,-8.480E-04
1.6568E-06,-6.527E-04
1.6572E-06,-1.043E-03
1.6576E-06,-9.457E-04
1.6580E-06,-6.527E-04
1.6584E-06,-1.043E-03
1.6588E-06,-1.239E-03
1.6592E-06,-9.457E-04
1.6596E-06,-5.551E-04
1.6600E-06,-7.504E-04
1.6604E-06,-1.336E-03
1.6608E-06,-9.457E-04
1.6612E-06,-1.043E-03
1.6616E-06,-1.043E-03
1.6620E-06,-1.043E-03
1.6624E-06,-8.480E-04
1.6628E-06,-6.527E-04
1.6632E-06,-8.480E-04
1.6636E-06,-8.480E-04
1.6640E-06,-7.504E-04
1.6644E-06,-1.043E-03
1.6648E-06,-8.480E-04
1.6652E-06,-1.043E-03
1.6656E-06,-7.504E-04
1.6660E-06,-7.504E-04
1.6664E-06,-6.527E-04
1.6668E-06,-1.141E-03
1.6672E-06,-9.457E-04
1.6676E-06,-5.551E-04
1.6680E-06,-8.480E-04
1.6684E-06,-1.043E-03
1.6688E-06,-7.504E-04
1.6692E-06,-7.504E-04
1.6696E-06,-7.504E-04
1.6700E-06,-8.480E-04
1.6704E-06,-5.551E-04
1.6708E-06,-7.504E-04
1.6712E-06,-5.551E-04
1.6716E-06,-1.141E-03
1.6720E-06,-9.457E-04
1.6724E-06,-9.457E-04
1.6728E-06,-4.574E-04
1.6732E-06,-8.480E-04
1.6736E-06,-1.043E-03
1.6740E-06,-5.551E-04
1.6744E-06,-5.551E-04
1.6748E-06,-6.527E-04
1.6752E-06,-1.141E-03
1.6756E-06,-1.043E-03
1.6760E-06,-8.480E-04
1.6764E-06,-1.239E-03
1.6768E-06,-8.480E-04
1.6772E-06,-5.551E-04
1.6776E-06,-8.480E-04
1.6780E-06,-8.480E-04
1.6784E-06,-1.043E-03
1.6788E-06,-9.457E-04
1.6792E-06,-5.551E-04
1.6796E-06,-3.598E-04
1.6800E-06,-9.457E-04
1.6804E-06,-5.551E-04
1.6808E-06,-2.621E-04
1.6812E-06,-1.141E-03
1.6816E-06,-1.043E-03
1.6820E-06,-6.527E-04
1.6824E-06,-2.621E-04
1.6828E-06,-1.043E-03
1.6832E-06,-9.457E-04
1.6836E-06,-6.527E-04
1.6840E-06,-1.239E-03
1.6844E-06,-9.457E-04
1.6848E-06,-7.504E-04
1.6852E-06,-5.551E-04
1.6856E-06,-8.480E-04
1.6860E-06,-8.480E-04
1.6864E-06,-7.504E-04
1.6868E-06,-6.527E-04
1.6872E-06,-1.043E-03
1.6876E-06,-1.336E-03
1.6880E-06,-6.527E-04
1.6884E-06,-1.141E-03
1.6888E-06,-9.457E-04
1.6892E-06,-6.527E-04
1.6896E-06,-1.239E-03
1.6900E-06,-5.551E-04
1.6904E-06,-5.551E-04
1.6908E-06,-5.551E-04
1.6912E-06,-8.480E-04
1.6916E-06,-9.457E-04
1.6920E-06,-5.551E-04
1.6924E-06,-1.043E-03
1.6928E-06,-7.504E-04
1.6932E-06,-6.527E-04
1.6936E-06,-1.532E-03
1.6940E-06,-7.504E-04
1.6944E-06,-5.551E-04
1.6948E-06,-6.527E-04
1.6952E-06,-8.480E-04
1.6956E-06,-6.527E-04
1.6960E-06,-8.480E-04
1.6964E-06,-6.527E-04
1.6968E-06,-1.336E-03
1.6972E-06,-6.527E-04
1.6976E-06,-7.504E-04
1.6980E-06,-5.551E-04
1.6984E-06,-4.574E-04
1.6988E-06,-1.645E-04
1.6992E-06,-1.043E-03
1.6996E-06,-7.504E-04
1.7000E-06,-8.480E-04
1.7004E-06,-7.504E-04
1.7008E-06,-9.457E-04
1.7012E-06,-9.457E-04
1.7016E-06,-1.043E-03
1.7020E-06,-7.504E-04
1.7024E-06,-1.336E-03
1.7028E-06,-1.239E-03
1.7032E-06,-8.480E-04
1.7036E-06,-9.457E-04
1.7040E-06,-7.504E-04
1.7044E-06,-7.504E-04
1.7048E-06,-6.527E-04
1.7052E-06,-8.480E-04
1.7056E-06,-8.480E-04
1.7060E-06,-8.480E-04
1.7064E-06,-9.457E-04
1.7068E-06,-1.141E-03
1.7072E-06,-1.239E-03
1.7076E-06,-9.457E-04
1.7080E-06,-8.480E-04
1.7084E-06,-8.480E-04
1.7088E-06,-5.551E-04
1.7092E-06,-5.551E-04
1.7096E-06,-1.043E-03
1.7100E-06,-5.551E-04
1.7104E-06,-8.480E-04
1.7108E-06,-7.504E-04
1.7112E-06,-1.141E-03
1.7116E-06,-1.043E-03
1.7120E-06,-8.480E-04
1.7124E-06,-8.480E-04
1.7128E-06,-6.527E-04
1.7132E-06,-7.504E-04
1.7136E-06,-6.527E-04
1.7140E-06,-5.551E-04
1.7144E-06,-5.551E-04
1.7148E-06,-1.141E-03
1.7152E-06,-1.043E-03
1.7156E-06,-5.551E-04
1.7160E-06,-8.480E-04
1.7164E-06,-9.457E-04
1.7168E-06,-8.480E-04
1.7172E-06,-5.551E-04
1.7176E-06,-9.457E-04
1.7180E-06,-6.527E-04
1.7184E-06,-5.551E-04
1.7188E-06,-1.043E-03
1.7192E-06,-1.141E-03
1.7196E-06,-8.480E-04
1.7200E-06,-8.480E-04
1.7204E-06,-8.480E-04
1.7208E-06,-5.551E-04
1.7212E-06,-5.551E-04
1.7216E-06,-5.551E-04
1.7220E-06,-5.551E-04
1.7224E-06,-9.457E-04
1.7228E-06,-1.141E-03
1.7232E-06,-8.480E-04
1.7236E-06,-7.504E-04
1.7240E-06,-5.551E-04
1.7244E-06,-5.551E-04
1.7248E-06,-9.457E-04
1.7252E-06,-7.504E-04
1.7256E-06,-4.574E-04
1.7260E-06,-1.043E-03
1.7264E-06,-9.457E-04
1.7268E-06,-1.141E-03
1.7272E-06,-9.457E-04
1.7276E-06,-9.457E-04
1.7280E-06,-6.527E-04
1.7284E-06,-1.645E-04
1.7288E-06,-5.551E-04
1.7292E-06,-9.457E-04
1.7296E-06,-9.457E-04
1.7300E-06,-8.480E-04
1.7304E-06,-5.551E-04
1.7308E-06,-5.551E-04
1.7312E-06,-8.480E-04
1.7316E-06,-7.504E-04
1.7320E-06,-9.457E-04
1.7324E-06,-1.434E-03
1.7328E-06,-1.239E-03
1.7332E-06,-1.141E-03
1.7336E-06,-8.480E-04
1.7340E-06,-9.457E-04
1.7344E-06,-1.043E-03
1.7348E-06,-8.480E-04
1.7352E-06,-8.480E-04
1.7356E-06,-5.551E-04
1.7360E-06,-8.480E-04
1.7364E-06,-4.574E-04
1.7368E-06,-5.551E-04
1.7372E-06,-7.504E-04
1.7376E-06,-7.504E-04
1.7380E-06,-5.551E-04
1.7384E-06,-7.504E-04
1.7388E-06,-6.527E-04
1.7392E-06,-1.141E-03
1.7396E-06,-1.141E-03
1.7400E-06,-8.480E-04
1.7404E-06,-9.457E-04
1.7408E-06,-7.504E-04
1.7412E-06,-8.480E-04
1.7416E-06,-1.043E-03
1.7420E-06,-7.504E-04
1.7424E-06,-8.480E-04
1.7428E-06,-8.480E-04
1.7432E-06,-7.504E-04
1.7436E-06,-1.043E-03
1.7440E-06,-8.480E-04
1.7444E-06,-6.527E-04
1.7448E-06,-6.527E-04
1.7452E-06,-1.043E-03
1.7456E-06,-5.551E-04
1.7460E-06,-1.239E-03
1.7464E-06,-5.551E-04
1.7468E-06,-7.504E-04
1.7472E-06,-7.504E-04
1.7476E-06,-3.598E-04
1.7480E-06,-5.551E-04
1.7484E-06,-7.504E-04
1.7488E-06,-7.504E-04
1.7492E-06,-5.551E-04
1.7496E-06,-4.574E-04
1.7500E-06,-1.043E-03
1.7504E-06,-8.480E-04
1.7508E-06,-7.504E-04
1.7512E-06,-8.480E-04
1.7516E-06,-1.336E-03
1.7520E-06,-6.527E-04
1.7524E-06,-9.457E-04
1.7528E-06,-9.457E-04
1.7532E-06,-8.480E-04
1.7536E-06,-2.621E-04
1.7540E-06,-5.551E-04
1.7544E-06,-8.480E-04
1.7548E-06,-9.457E-04
1.7552E-06,-2.621E-04
1.7556E-06,-6.527E-04
1.7560E-06,-4.574E-04
1.7564E-06,-5.551E-04
1.7568E-06,-3.598E-04
1.7572E-06,-4.574E-04
1.7576E-06,-1.043E-03
1.7580E-06,-8.480E-04
1.7584E-06,-8.480E-04
1.7588E-06,-1.043E-03
1.7592E-06,-7.504E-04
1.7596E-06,-5.551E-04
1.7600E-06,-7.504E-04
1.7604E-06,-9.457E-04
1.7608E-06,-5.551E-04
1.7612E-06,-5.551E-04
1.7616E-06,-8.480E-04
1.7620E-06,-5.551E-04
1.7624E-06,-5.551E-04
1.7628E-06,-7.504E-04
1.7632E-06,-9.457E-04
1.7636E-06,-7.504E-04
1.7640E-06,-8.480E-04
1.7644E-06,-8.480E-04
1.7648E-06,-5.551E-04
1.7652E-06,-1.645E-04
1.7656E-06,-5.551E-04
1.7660E-06,-7.504E-04
1.7664E-06,-1.239E-03
1.7668E-06,-6.527E-04
1.7672E-06,-8.480E-04
1.7676E-06,-5.551E-04
1.7680E-06,-3.598E-04
1.7684E-06,-8.480E-04
1.7688E-06,-1.239E-03
1.7692E-06,-7.504E-04
1.7696E-06,-8.480E-04
1.7700E-06,-7.504E-04
1.7704E-06,-8.480E-04
1.7708E-06,-1.141E-03
1.7712E-06,-3.598E-04
1.7716E-06,-8.480E-04
1.7720E-06,-5.551E-04
1.7724E-06,-1.043E-03
1.7728E-06,-1.043E-03
1.7732E-06,-2.621E-04
1.7736E-06,-7.504E-04
1.7740E-06,-8.480E-04
1.7744E-06,-9.457E-04
1.7748E-06,-9.457E-04
1.7752E-06,-6.527E-04
1.7756E-06,-5.551E-04
1.7760E-06,-1.043E-03
1.7764E-06,-3.598E-04
1.7768E-06,-8.480E-04
1.7772E-06,-1.141E-03
1.7776E-06,-6.527E-04
1.7780E-06,-5.551E-04
1.7784E-06,-8.480E-04
1.7788E-06,-6.527E-04
1.7792E-06,-5.551E-04
1.7796E-06,-5.551E-04
1.7800E-06,-9.457E-04
1.7804E-06,-7.504E-04
1.7808E-06,-5.551E-04
1.7812E-06,-4.574E-04
1.7816E-06,-8.480E-04
1.7820E-06,-8.480E-04
1.7824E-06,-7.504E-04
1.7828E-06,-7.504E-04
1.7832E-06,-7.504E-04
1.7836E-06,-5.551E-04
1.7840E-06,-7.504E-04
1.7844E-06,-5.551E-04
1.7848E-06,-5.551E-04
1.7852E-06,-8.480E-04
1.7856E-06,-7.504E-04
1.7860E-06,-1.141E-03
1.7864E-06,-8.480E-04
1.7868E-06,-1.141E-03
1.7872E-06,-8.480E-04
1.7876E-06,-7.504E-04
1.7880E-06,-8.480E-04
1.7884E-06,-6.527E-04
1.7888E-06,-7.504E-04
1.7892E-06,-1.043E-03
1.7896E-06,-9.457E-04
1.7900E-06,-9.457E-04
1.7904E-06,-6.527E-04
1.7908E-06,-5.551E-04
1.7912E-06,-5.551E-04
1.7916E-06,-1.141E-03
1.7920E-06,-8.480E-04
1.7924E-06,-8.480E-04
1.7928E-06,-4.574E-04
1.7932E-06,-9.457E-04
1.7936E-06,-8.480E-04
1.7940E-06,-6.527E-04
1.7944E-06,-2.621E-04
1.7948E-06,-7.504E-04
1.7952E-06,-6.527E-04
1.7956E-06,-5.551E-04
1.7960E-06,-1.141E-03
1.7964E-06,-1.043E-03
1.7968E-06,-8.480E-04
1.7972E-06,-8.480E-04
1.7976E-06,-6.527E-04
1.7980E-06,-5.551E-04
1.7984E-06,-1.043E-03
1.7988E-06,-2.621E-04
1.7992E-06,-5.551E-04
1.7996E-06,-9.457E-04
1.8000E-06,-7.504E-04
1.8004E-06,-8.480E-04
1.8008E-06,-7.504E-04
1.8012E-06,-3.598E-04
1.8016E-06,-4.574E-04
1.8020E-06,-3.598E-04
1.8024E-06,-8.480E-04
1.8028E-06,-6.527E-04
1.8032E-06,-8.480E-04
1.8036E-06,-7.504E-04
1.8040E-06,-6.527E-04
1.8044E-06,-4.574E-04
1.8048E-06,-5.551E-04
1.8052E-06,-8.480E-04
1.8056E-06,-9.457E-04
1.8060E-06,-1.239E-03
1.8064E-06,-1.239E-03
1.8068E-06,-5.551E-04
1.8072E-06,-9.457E-04
1.8076E-06,-8.480E-04
1.8080E-06,-1.043E-03
1.8084E-06,-8.480E-04
1.8088E-06,-6.527E-04
1.8092E-06,-1.336E-03
1.8096E-06,-6.527E-04
1.8100E-06,-8.480E-04
1.8104E-06,-6.527E-04
1.8108E-06,-9.457E-04
1.8112E-06,-1.239E-03
1.8116E-06,-9.457E-04
1.8120E-06,-6.527E-04
1.8124E-06,-9.457E-04
1.8128E-06,-5.551E-04
1.8132E-06,-1.141E-03
1.8136E-06,-5.551E-04
1.8140E-06,-8.480E-04
1.8144E-06,-9.457E-04
1.8148E-06,-7.504E-04
1.8152E-06,-7.504E-04
1.8156E-06,-9.457E-04
1.8160E-06,-8.480E-04
1.8164E-06,-9.457E-04
1.8168E-06,-7.504E-04
1.8172E-06,-6.527E-04
1.8176E-06,-8.480E-04
1.8180E-06,-9.457E-04
1.8184E-06,-1.141E-03
1.8188E-06,-5.551E-04
1.8192E-06,-7.504E-04
1.8196E-06,-5.551E-04
1.8200E-06,-8.480E-04
1.8204E-06,-9.457E-04
1.8208E-06,-1.043E-03
1.8212E-06,-1.043E-03
1.8216E-06,-6.527E-04
1.8220E-06,-2.621E-04
1.8224E-06,-5.551E-04
1.8228E-06,-7.504E-04
1.8232E-06,-5.551E-04
1.8236E-06,-9.457E-04
1.8240E-06,-6.527E-04
1.8244E-06,-4.574E-04
1.8248E-06,-6.527E-04
1.8252E-06,-7.504E-04
1.8256E-06,-8.480E-04
1.8260E-06,-6.527E-04
1.8264E-06,-4.574E-04
1.8268E-06,-1.043E-03
1.8272E-06,-8.480E-04
1.8276E-06,-8.480E-04
1.8280E-06,-4.574E-04
1.8284E-06,-7.504E-04
1.8288E-06,-8.480E-04
1.8292E-06,-8.480E-04
1.8296E-06,-9.457E-04
1.8300E-06,-1.043E-03
1.8304E-06,-6.527E-04
1.8308E-06,-9.457E-04
1.8312E-06,-9.457E-04
1.8316E-06,-6.527E-04
1.8320E-06,-7.504E-04
1.8324E-06,-5.551E-04
1.8328E-06,-8.480E-04
1.8332E-06,-8.480E-04
1.8336E-06,-1.336E-03
1.8340E-06,-6.527E-04
1.8344E-06,-9.457E-04
1.8348E-06,-5.551E-04
1.8352E-06,-9.457E-04
1.8356E-06,-7.504E-04
1.8360E-06,-8.480E-04
1.8364E-06,-9.457E-04
1.8368E-06,-5.551E-04
1.8372E-06,-5.551E-04
1.8376E-06,-5.551E-04
1.8380E-06,-1.336E-03
1.8384E-06,-5.551E-04
1.8388E-06,-3.598E-04
1.8392E-06,-8.480E-04
1.8396E-06,-1.043E-03
1.8400E-06,-5.551E-04
1.8404E-06,-1.141E-03
1.8408E-06,-7.504E-04
1.8412E-06,-8.480E-04
1.8416E-06,-7.504E-04
1.8420E-06,-1.043E-03
1.8424E-06,-8.480E-04
1.8428E-06,-9.457E-04
1.8432E-06,-7.504E-04
1.8436E-06,-1.141E-03
1.8440E-06,-9.457E-04
1.8444E-06,-1.141E-03
1.8448E-06,-9.457E-04
1.8452E-06,-6.527E-04
1.8456E-06,-9.457E-04
1.8460E-06,-2.621E-04
1.8464E-06,-7.504E-04
1.8468E-06,-5.551E-04
1.8472E-06,-9.457E-04
1.8476E-06,-4.574E-04
1.8480E-06,-5.551E-04
1.8484E-06,-9.457E-04
1.8488E-06,-5.551E-04
1.8492E-06,-8.480E-04
1.8496E-06,-5.551E-04
1.8500E-06,-8.480E-04
1.8504E-06,-9.457E-04
1.8508E-06,-6.527E-04
1.8512E-06,-5.551E-04
1.8516E-06,-5.551E-04
1.8520E-06,-8.480E-04
1.8524E-06,-1.043E-03
1.8528E-06,-9.457E-04
1.8532E-06,-8.480E-04
1.8536E-06,-9.457E-04
1.8540E-06,-8.480E-04
1.8544E-06,-8.480E-04
1.8548E-06,-7.504E-04
1.8552E-06,-5.551E-04
1.8556E-06,-6.527E-04
1.8560E-06,-5.551E-04
1.8564E-06,-4.574E-04
1.8568E-06,-4.574E-04
1.8572E-06,-5.551E-04
1.8576E-06,-7.504E-04
1.8580E-06,-6.527E-04
1.8584E-06,-5.551E-04
1.8588E-06,-8.480E-04
1.8592E-06,-1.141E-03
1.8596E-06,-9.457E-04
1.8600E-06,-1.239E-03
1.8604E-06,-6.527E-04
1.8608E-06,-5.551E-04
1.8612E-06,-5.551E-04
1.8616E-06,-4.574E-04
1.8620E-06,-1.141E-03
1.8624E-06,-1.043E-03
1.8628E-06,-7.504E-04
1.8632E-06,-9.457E-04
1.8636E-06,-1.141E-03
1.8640E-06,-8.480E-04
1.8644E-06,-2.621E-04
1.8648E-06,-9.457E-04
1.8652E-06,-8.480E-04
1.8656E-06,-6.527E-04
1.8660E-06,-2.621E-04
1.8664E-06,-4.574E-04
1.8668E-06,-1.043E-03
1.8672E-06,-8.480E-04
1.8676E-06,-5.551E-04
1.8680E-06,-6.527E-04
1.8684E-06,-1.141E-03
1.8688E-06,-8.480E-04
1.8692E-06,-6.527E-04
1.8696E-06,-8.480E-04
1.8700E-06,-7.504E-04
1.8704E-06,-5.551E-04
1.8708E-06,-9.457E-04
1.8712E-06,-3.598E-04
1.8716E-06,-1.141E-03
1.8720E-06,-8.480E-04
1.8724E-06,-3.598E-04
1.8728E-06,-9.457E-04
1.8732E-06,-1.043E-03
1.8736E-06,-5.551E-04
1.8740E-06,-2.621E-04
1.8744E-06,-4.574E-04
1.8748E-06,-5.551E-04
1.8752E-06,-4.574E-04
1.8756E-06,-4.574E-04
1.8760E-06,-5.551E-04
1.8764E-06,-4.574E-04
1.8768E-06,-9.457E-04
1.8772E-06,-9.457E-04
1.8776E-06,-8.480E-04
1.8780E-06,-8.480E-04
1.8784E-06,-8.480E-04
1.8788E-06,-6.527E-04
1.8792E-06,-5.551E-04
1.8796E-06,-4.574E-04
1.8800E-06,-3.598E-04
1.8804E-06,-6.527E-04
1.8808E-06,-4.574E-04
1.8812E-06,-8.480E-04
1.8816E-06,-1.141E-03
1.8820E-06,-1.043E-03
1.8824E-06,-1.239E-03
1.8828E-06,-1.239E-03
1.8832E-06,-5.551E-04
1.8836E-06,-9.457E-04
1.8840E-06,-3.598E-04
1.8844E-06,-4.574E-04
1.8848E-06,-5.551E-04
1.8852E-06,-6.527E-04
1.8856E-06,-2.621E-04
1.8860E-06,-2.621E-04
1.8864E-06,-1.141E-03
1.8868E-06,-7.504E-04
1.8872E-06,-1.043E-03
1.8876E-06,-8.480E-04
1.8880E-06,-4.574E-04
1.8884E-06,-5.551E-04
1.8888E-06,-5.551E-04
1.8892E-06,-6.527E-04
1.8896E-06,-3.598E-04
1.8900E-06,-4.574E-04
1.8904E-06,-3.598E-04
1.8908E-06,-1.141E-03
1.8912E-06,-1.141E-03
1.8916E-06,-1.141E-03
1.8920E-06,-7.504E-04
1.8924E-06,-1.141E-03
1.8928E-06,-5.551E-04
1.8932E-06,-7.504E-04
1.8936E-06,-3.598E-04
1.8940E-06,-4.574E-04
1.8944E-06,-8.480E-04
1.8948E-06,-5.551E-04
1.8952E-06,-1.141E-03
1.8956E-06,-6.527E-04
1.8960E-06,-1.043E-03
1.8964E-06,-7.504E-04
1.8968E-06,-9.457E-04
1.8972E-06,-1.239E-03
1.8976E-06,-9.457E-04
1.8980E-06,-1.043E-03
1.8984E-06,-7.504E-04
1.8988E-06,-8.480E-04
1.8992E-06,-6.527E-04
1.8996E-06,-5.551E-04
1.9000E-06,-8.480E-04
1.9004E-06,-1.043E-03
1.9008E-06,-9.457E-04
1.9012E-06,-1.239E-03
1.9016E-06,-7.504E-04
1.9020E-06,-8.480E-04
1.9024E-06,-9.457E-04
1.9028E-06,-4.574E-04
1.9032E-06,-3.598E-04
1.9036E-06,-7.504E-04
1.9040E-06,-1.141E-03
1.9044E-06,-5.551E-04
1.9048E-06,-5.551E-04
1.9052E-06,-8.480E-04
1.9056E-06,-5.551E-04
1.9060E-06,-5.551E-04
1.9064E-06,-5.551E-04
1.9068E-06,-6.527E-04
1.9072E-06,-9.457E-04
1.9076E-06,-5.551E-04
1.9080E-06,-8.480E-04
1.9084E-06,-1.141E-03
1.9088E-06,-7.504E-04
1.9092E-06,-7.504E-04
1.9096E-06,-5.551E-04
1.9100E-06,-9.457E-04
1.9104E-06,-1.532E-03
1.9108E-06,-1.336E-03
1.9112E-06,-9.457E-04
1.9116E-06,-1.043E-03
1.9120E-06,-8.480E-04
1.9124E-06,-7.504E-04
1.9128E-06,-7.504E-04
1.9132E-06,-9.457E-04
1.9136E-06,-6.527E-04
1.9140E-06,-8.480E-04
1.9144E-06,-8.480E-04
1.9148E-06,-1.141E-03
1.9152E-06,-7.504E-04
1.9156E-06,-8.480E-04
1.9160E-06,-5.551E-04
1.9164E-06,-9.457E-04
1.9168E-06,-1.239E-03
1.9172E-06,-5.551E-04
1.9176E-06,-5.551E-04
1.9180E-06,-9.457E-04
1.9184E-06,-1.043E-03
1.9188E-06,-9.457E-04
1.9192E-06,-1.043E-03
1.9196E-06,-1.043E-03
1.9200E-06,-1.239E-03
1.9204E-06,-8.480E-04
1.9208E-06,-5.551E-04
1.9212E-06,-8.480E-04
1.9216E-06,-6.527E-04
1.9220E-06,-8.480E-04
1.9224E-06,-8.480E-04
1.9228E-06,-8.480E-04
1.9232E-06,-1.043E-03
1.9236E-06,-5.551E-04
1.9240E-06,-2.621E-04
1.9244E-06,-5.551E-04
1.9248E-06,-9.457E-04
1.9252E-06,-1.043E-03
1.9256E-06,-9.457E-04
1.9260E-06,-1.043E-03
1.9264E-06,-7.504E-04
1.9268E-06,-6.527E-04
1.9272E-06,-8.480E-04
1.9276E-06,-9.457E-04
1.9280E-06,-8.480E-04
1.9284E-06,-8.480E-04
1.9288E-06,-7.504E-04
1.9292E-06,-6.527E-04
1.9296E-06,-9.457E-04
1.9300E-06,-6.527E-04
1.9304E-06,-1.043E-03
1.9308E-06,-7.504E-04
1.9312E-06,-5.551E-04
1.9316E-06,-8.480E-04
1.9320E-06,-5.551E-04
1.9324E-06,-7.504E-04
1.9328E-06,-1.645E-04
1.9332E-06,-1.645E-04
1.9336E-06,-1.141E-03
1.9340E-06,-1.141E-03
1.9344E-06,-9.457E-04
1.9348E-06,-8.480E-04
1.9352E-06,-1.141E-03
1.9356E-06,-5.551E-04
1.9360E-06,-3.598E-04
1.9364E-06,-8.480E-04
1.9368E-06,-8.480E-04
1.9372E-06,-1.141E-03
1.9376E-06,-5.551E-04
1.9380E-06,-9.457E-04
1.9384E-06,-6.527E-04
1.9388E-06,-8.480E-04
1.9392E-06,-9.457E-04
1.9396E-06,-6.527E-04
1.9400E-06,-9.457E-04
1.9404E-06,-1.043E-03
1.9408E-06,-8.480E-04
1.9412E-06,3.086E-05
1.9416E-06,-5.551E-04
1.9420E-06,-5.551E-04
1.9424E-06,-5.551E-04
1.9428E-06,-8.480E-04
1.9432E-06,-8.480E-04
1.9436E-06,-1.141E-03
1.9440E-06,-9.457E-04
1.9444E-06,-9.457E-04
1.9448E-06,-6.527E-04
1.9452E-06,-1.043E-03
1.9456E-06,-9.457E-04
1.9460E-06,-7.504E-04
1.9464E-06,-8.480E-04
1.9468E-06,-1.141E-03
1.9472E-06,-8.480E-04
1.9476E-06,-6.527E-04
1.9480E-06,-9.457E-04
1.9484E-06,-9.457E-04
1.9488E-06,-8.480E-04
1.9492E-06,-6.527E-04
1.9496E-06,-7.504E-04
1.9500E-06,-1.239E-03
1.9504E-06,-7.504E-04
1.9508E-06,-6.527E-04
1.9512E-06,-1.141E-03
1.9516E-06,-1.141E-03
1.9520E-06,-4.574E-04
1.9524E-06,-6.527E-04
1.9528E-06,-5.551E-04
1.9532E-06,-1.239E-03
1.9536E-06,-7.504E-04
1.9540E-06,-6.527E-04
1.9544E-06,-3.598E-04
1.9548E-06,-5.551E-04
1.9552E-06,-8.480E-04
1.9556E-06,-8.480E-04
1.9560E-06,-9.457E-04
1.9564E-06,-8.480E-04
1.9568E-06,-6.527E-04
1.9572E-06,-1.141E-03
1.9576E-06,-9.457E-04
1.9580E-06,-1.239E-03
1.9584E-06,-9.457E-04
1.9588E-06,-9.457E-04
1.9592E-06,-7.504E-04
1.9596E-06,-1.141E-03
1.9600E-06,-6.527E-04
1.9604E-06,-8.480E-04
1.9608E-06,-7.504E-04
1.9612E-06,-6.527E-04
1.9616E-06,-8.480E-04
1.9620E-06,-1.043E-03
1.9624E-06,-9.457E-04
1.9628E-06,-8.480E-04
1.9632E-06,-1.043E-03
1.9636E-06,-1.239E-03
1.9640E-06,-9.457E-04
1.9644E-06,-8.480E-04
1.9648E-06,-7.504E-04
1.9652E-06,-8.480E-04
1.9656E-06,-1.141E-03
1.9660E-06,-7.504E-04
1.9664E-06,-3.598E-04
1.9668E-06,-5.551E-04
1.9672E-06,-3.598E-04
1.9676E-06,-5.551E-04
1.9680E-06,-6.527E-04
1.9684E-06,-8.480E-04
1.9688E-06,-1.434E-03
1.9692E-06,-1.434E-03
1.9696E-06,-1.239E-03
1.9700E-06,-1.043E-03
1.9704E-06,-4.574E-04
1.9708E-06,-5.551E-04
1.9712E-06,-8.480E-04
1.9716E-06,-9.457E-04
1.9720E-06,-4.574E-04
1.9724E-06,-1.141E-03
1.9728E-06,-7.504E-04
1.9732E-06,-9.457E-04
1.9736E-06,-1.239E-03
1.9740E-06,-1.141E-03
1.9744E-06,-6.527E-04
1.9748E-06,-8.480E-04
1.9752E-06,-8.480E-04
1.9756E-06,-9.457E-04
1.9760E-06,-6.527E-04
1.9764E-06,-5.551E-04
1.9768E-06,-4.574E-04
1.9772E-06,-1.043E-03
1.9776E-06,-1.141E-03
1.9780E-06,-5.551E-04
1.9784E-06,-9.457E-04
1.9788E-06,-1.141E-03
1.9792E-06,-9.457E-04
1.9796E-06,-3.598E-04
1.9800E-06,-4.574E-04
1.9804E-06,-5.551E-04
1.9808E-06,-9.457E-04
1.9812E-06,-1.434E-03
1.9816E-06,-1.532E-03
1.9820E-06,-6.527E-04
1.9824E-06,-1.239E-03
1.9828E-06,-7.504E-04
1.9832E-06,-1.239E-03
1.9836E-06,-1.239E-03
1.9840E-06,-9.457E-04
1.9844E-06,-5.551E-04
1.9848E-06,-7.504E-04
1.9852E-06,-9.457E-04
1.9856E-06,-1.043E-03
1.9860E-06,-9.457E-04
1.9864E-06,-8.480E-04
1.9868E-06,-1.043E-03
1.9872E-06,-8.480E-04
1.9876E-06,-1.141E-03
1.9880E-06,-1.141E-03
1.9884E-06,-9.457E-04
1.9888E-06,-3.598E-04
1.9892E-06,-5.551E-04
1.9896E-06,-3.598E-04
1.9900E-06,-9.457E-04
1.9904E-06,-9.457E-04
1.9908E-06,-6.527E-04
1.9912E-06,-1.239E-03
1.9916E-06,-1.043E-03
1.9920E-06,-1.043E-03
1.9924E-06,-8.480E-04
1.9928E-06,-6.527E-04
1.9932E-06,-1.043E-03
1.9936E-06,-9.457E-04
1.9940E-06,-5.551E-04
1.9944E-06,-1.043E-03
1.9948E-06,-1.532E-03
1.9952E-06,-1.239E-03
1.9956E-06,-1.141E-03
1.9960E-06,-9.457E-04
1.9964E-06,-1.043E-03
1.9968E-06,-1.141E-03
1.9972E-06,-8.480E-04
1.9976E-06,-1.141E-03
1.9980E-06,-1.043E-03
1.9984E-06,-8.480E-04
1.9988E-06,-7.504E-04
1.9992E-06,-7.504E-04
1.9996E-06,-1.239E-03
